2 0 NCT00002455 0
2 0 NCT00002525 0
2 0 NCT00002575 0
2 0 NCT00002692 0
2 0 NCT00002893 0
2 0 NCT00003001 0
2 0 NCT00003329 0
2 0 NCT00003365 0
2 0 NCT00003557 0
2 0 NCT00003571 0
2 0 NCT00003626 0
2 0 NCT00003648 0
2 0 NCT00003677 0
2 0 NCT00003914 0
2 0 NCT00004210 0
2 0 NCT00006103 2
2 0 NCT00006112 0
2 0 NCT00007618 0
2 0 NCT00014079 0
2 0 NCT00019760 0
2 0 NCT00019786 0
2 0 NCT00026273 0
2 0 NCT00032344 0
2 0 NCT00046995 0
2 0 NCT00054912 0
2 0 NCT00055848 0
2 0 NCT00060918 0
2 0 NCT00069121 0
2 0 NCT00070213 0
2 0 NCT00079274 1
2 0 NCT00111761 0
2 0 NCT00114829 0
2 0 NCT00115765 0
2 0 NCT00122187 0
2 0 NCT00134069 1
2 0 NCT00143715 0
2 0 NCT00157729 0
2 0 NCT00171119 0
2 0 NCT00172757 0
2 0 NCT00173472 0
2 0 NCT00173667 0
2 0 NCT00195585 0
2 0 NCT00202618 0
2 0 NCT00212303 0
2 0 NCT00215982 0
2 0 NCT00217711 0
2 0 NCT00225238 0
2 0 NCT00241085 0
2 0 NCT00249977 0
2 0 NCT00252525 0
2 0 NCT00256334 0
2 0 NCT00257322 0
2 0 NCT00265850 1
2 0 NCT00309751 0
2 0 NCT00326495 0
2 0 NCT00336232 0
2 0 NCT00351572 0
2 0 NCT00354705 0
2 0 NCT00363038 0
2 0 NCT00376181 0
2 0 NCT00385970 0
2 0 NCT00387842 0
2 0 NCT00397384 0
2 0 NCT00399750 0
2 0 NCT00405587 1
2 0 NCT00407680 0
2 0 NCT00410618 0
2 0 NCT00411112 0
2 0 NCT00418938 1
2 0 NCT00427089 0
2 0 NCT00427570 0
2 0 NCT00436215 0
2 0 NCT00444678 1
2 0 NCT00450424 0
2 0 NCT00470782 0
2 0 NCT00494611 0
2 0 NCT00496704 0
2 0 NCT00497666 0
2 0 NCT00516230 0
2 0 NCT00549133 0
2 0 NCT00550628 0
2 0 NCT00551421 1
2 0 NCT00553332 0
2 0 NCT00564694 0
2 0 NCT00565708 0
2 0 NCT00572143 0
2 0 NCT00598975 1
2 0 NCT00604162 0
2 0 NCT00625573 0
2 0 NCT00631917 0
2 0 NCT00637091 1
2 0 NCT00640471 1
2 0 NCT00651677 0
2 0 NCT00654342 0
2 0 NCT00655499 1
2 0 NCT00660582 1
2 0 NCT00671996 0
2 0 NCT00675636 0
2 0 NCT00695461 0
2 0 NCT00695474 0
2 0 NCT00696345 0
2 0 NCT00717223 0
2 0 NCT00737152 0
2 0 NCT00744159 0
2 0 NCT00755534 1
2 0 NCT00760110 0
2 0 NCT00778830 1
2 0 NCT00813605 1
2 0 NCT00819780 1
2 0 NCT00826540 1
2 0 NCT00826579 0
2 0 NCT00827684 1
2 0 NCT00842257 1
2 0 NCT00853931 1
2 0 NCT00856375 1
2 0 NCT00858403 0
2 0 NCT00860691 0
2 0 NCT00861627 0
2 0 NCT00866177 0
2 0 NCT00879385 1
2 0 NCT00880321 1
2 0 NCT00888134 1
2 0 NCT00890591 0
2 0 NCT00896753 0
2 0 NCT00897429 1
2 0 NCT00898781 0
2 0 NCT00900432 0
2 0 NCT00918827 0
2 0 NCT00931437 0
2 0 NCT00940316 1
2 0 NCT00942266 1
2 0 NCT00942461 0
2 0 NCT00952874 0
2 0 NCT00954876 1
2 0 NCT00959127 1
2 0 NCT00963352 0
2 0 NCT00974389 1
2 0 NCT00975897 1
2 0 NCT00984750 0
2 0 NCT01001962 0
2 0 NCT01011478 0
2 0 NCT01037790 0
2 0 NCT01042743 0
2 0 NCT01048580 0
2 0 NCT01056367 0
2 0 NCT01062763 0
2 0 NCT01063231 0
2 0 NCT01068132 1
2 0 NCT01075828 0
2 0 NCT01082757 1
2 0 NCT01085331 1
2 0 NCT01086267 2
2 0 NCT01092078 0
2 0 NCT01092481 0
2 0 NCT01096667 0
2 0 NCT01097018 1
2 0 NCT01107418 0
2 0 NCT01108107 1
2 0 NCT01109615 1
2 0 NCT01110785 1
2 0 NCT01111604 0
2 0 NCT01112046 0
2 0 NCT01116271 1
2 0 NCT01124669 0
2 0 NCT01133132 0
2 0 NCT01134666 1
2 0 NCT01136967 0
2 0 NCT01138085 0
2 0 NCT01143753 1
2 0 NCT01149434 1
2 0 NCT01150045 0
2 0 NCT01151007 1
2 0 NCT01152437 1
2 0 NCT01164215 0
2 0 NCT01167725 1
2 0 NCT01187641 0
2 0 NCT01190462 1
2 0 NCT01198535 1
2 0 NCT01198743 1
2 0 NCT01200303 0
2 0 NCT01203969 0
2 0 NCT01204099 0
2 0 NCT01212627 0
2 0 NCT01215539 1
2 0 NCT01231568 1
2 0 NCT01231594 1
2 0 NCT01232647 0
2 0 NCT01243372 2
2 0 NCT01245062 0
2 0 NCT01254591 0
2 0 NCT01254617 1
2 0 NCT01260415 1
2 0 NCT01262222 0
2 0 NCT01262963 1
2 0 NCT01264380 0
2 0 NCT01269060 0
2 0 NCT01269996 0
2 0 NCT01271803 0
2 0 NCT01279161 0
2 0 NCT01280643 1
2 0 NCT01281761 1
2 0 NCT01287130 1
2 0 NCT01294072 0
2 0 NCT01294826 0
2 0 NCT01306045 0
2 0 NCT01310972 0
2 0 NCT01311050 0
2 0 NCT01313442 0
2 0 NCT01320267 0
2 0 NCT01326065 0
2 0 NCT01331083 0
2 0 NCT01336634 0
2 0 NCT01337765 0
2 0 NCT01340833 1
2 0 NCT01340846 1
2 0 NCT01347866 0
2 0 NCT01351038 0
2 0 NCT01352273 1
2 0 NCT01357304 0
2 0 NCT01358812 1
2 0 NCT01362296 0
2 0 NCT01363232 0
2 0 NCT01375816 1
2 0 NCT01387880 1
2 0 NCT01390818 1
2 0 NCT01412957 1
2 0 NCT01415479 0
2 0 NCT01417442 0
2 0 NCT01433809 0
2 0 NCT01437618 2
2 0 NCT01442155 0
2 0 NCT01479894 0
2 0 NCT01480128 0
2 0 NCT01483040 0
2 0 NCT01495988 0
2 0 NCT01504477 1
2 0 NCT01512251 0
2 0 NCT01519427 0
2 0 NCT01534897 0
2 0 NCT01543698 1
2 0 NCT01549535 0
2 0 NCT01550055 1
2 0 NCT01550900 0
2 0 NCT01562899 0
2 0 NCT01582997 1
2 0 NCT01584648 0
2 0 NCT01586195 0
2 0 NCT01586403 0
2 0 NCT01588860 0
2 0 NCT01589445 0
2 0 NCT01589900 0
2 0 NCT01593098 0
2 0 NCT01595217 0
2 0 NCT01597908 0
2 0 NCT01628250 0
2 0 NCT01640444 1
2 0 NCT01651013 1
2 0 NCT01656642 0
2 0 NCT01664494 0
2 0 NCT01669720 0
2 0 NCT01681472 0
2 0 NCT01688232 1
2 0 NCT01689519 0
2 0 NCT01692951 0
2 0 NCT01700582 0
2 0 NCT01700699 0
2 0 NCT01703910 1
2 0 NCT01704703 1
2 0 NCT01706211 0
2 0 NCT01707121 0
2 0 NCT01715441 2
2 0 NCT01723202 0
2 0 NCT01723969 1
2 0 NCT01726738 0
2 0 NCT01740648 1
2 0 NCT01741038 1
2 0 NCT01744860 0
2 0 NCT01750918 2
2 0 NCT01754376 0
2 0 NCT01763307 0
2 0 NCT01767454 0
2 0 NCT01777893 0
2 0 NCT01787500 1
2 0 NCT01791309 2
2 0 NCT01802320 1
2 0 NCT01804140 1
2 0 NCT01804777 0
2 0 NCT01814501 1
2 0 NCT01816659 0
2 0 NCT01831245 0
2 0 NCT01833143 0
2 0 NCT01840527 0
2 0 NCT01859026 0
2 0 NCT01861691 0
2 0 NCT01867697 1
2 0 NCT01868646 0
2 0 NCT01876511 0
2 0 NCT01877811 0
2 0 NCT01881074 0
2 0 NCT01890213 0
2 0 NCT01902173 1
2 0 NCT01904968 1
2 0 NCT01918527 0
2 0 NCT01922583 0
2 0 NCT01925274 1
2 0 NCT01928940 0
2 0 NCT01929499 0
2 0 NCT01933932 0
2 0 NCT01939496 0
2 0 NCT01943786 1
2 0 NCT01949194 2
2 0 NCT01961115 0
2 0 NCT01972737 0
2 0 NCT01974258 2
2 0 NCT01978236 0
2 0 NCT01981187 0
2 0 NCT01983098 0
2 0 NCT01986166 1
2 0 NCT01989585 1
2 0 NCT01989598 0
2 0 NCT01990196 0
2 0 NCT01991847 0
2 0 NCT01994135 0
2 0 NCT01995591 0
2 0 NCT01997684 0
2 0 NCT02008383 1
2 0 NCT02012231 1
2 0 NCT02014909 1
2 0 NCT02015130 0
2 0 NCT02022995 0
2 0 NCT02023489 0
2 0 NCT02023710 0
2 0 NCT02027961 0
2 0 NCT02034110 1
2 0 NCT02036086 0
2 0 NCT02065674 0
2 0 NCT02097225 0
2 0 NCT02109653 0
2 0 NCT02122731 0
2 0 NCT02145611 0
2 0 NCT02152995 0
2 0 NCT02162563 1
2 0 NCT02164149 0
2 0 NCT02164916 2
2 0 NCT02171286 1
2 0 NCT02175095 2
2 0 NCT02178722 0
2 0 NCT02182466 0
2 0 NCT02188264 1
2 0 NCT02196181 0
2 0 NCT02215642 0
2 0 NCT02228668 0
2 0 NCT02232152 2
2 0 NCT02233205 0
2 0 NCT02250053 0
2 0 NCT02259114 0
2 0 NCT02263898 0
2 0 NCT02264366 0
2 0 NCT02274753 1
2 0 NCT02279004 0
2 0 NCT02281214 0
2 0 NCT02281760 0
2 0 NCT02283320 0
2 0 NCT02296203 1
2 0 NCT02301286 0
2 0 NCT02304666 0
2 0 NCT02316496 2
2 0 NCT02323724 0
2 0 NCT02324023 0
2 0 NCT02326779 0
2 0 NCT02327078 0
2 0 NCT02331641 0
2 0 NCT02364154 0
2 0 NCT02366481 0
2 0 NCT02367859 0
2 0 NCT02380443 1
2 0 NCT02381808 0
2 0 NCT02394795 1
2 0 NCT02399631 0
2 0 NCT02399943 1
2 0 NCT02404441 0
2 0 NCT02408887 0
2 0 NCT02413853 1
2 0 NCT02415829 0
2 0 NCT02416232 0
2 0 NCT02428712 1
2 0 NCT02448173 0
2 0 NCT02466906 0
2 0 NCT02467582 0
2 0 NCT02485561 0
2 0 NCT02503631 0
2 0 NCT02508077 1
2 0 NCT02510118 0
2 0 NCT02515344 0
2 0 NCT02526836 0
2 0 NCT02530593 0
2 0 NCT02542670 0
2 0 NCT02557061 0
2 0 NCT02561533 0
2 0 NCT02567942 0
2 0 NCT02568046 1
2 0 NCT02572141 0
2 0 NCT02572414 0
2 0 NCT02578264 0
2 0 NCT02583542 0
2 0 NCT02587650 0
2 0 NCT02595645 1
2 0 NCT02596113 1
2 0 NCT02613221 1
2 0 NCT02625272 0
2 0 NCT02633098 1
2 0 NCT02644590 0
2 0 NCT02648724 1
2 0 NCT02672358 0
2 0 NCT02688023 0
2 0 NCT02713373 1
2 0 NCT02724397 0
2 0 NCT02730702 0
2 0 NCT02751177 2
2 0 NCT02762695 0
2 0 NCT02777437 0
2 0 NCT02784639 2
2 0 NCT02786602 2
2 0 NCT02788669 0
2 0 NCT02827565 1
2 0 NCT02834364 0
2 0 NCT02852915 0
2 0 NCT02857270 1
2 0 NCT02860780 1
2 0 NCT02861430 0
2 0 NCT02887365 0
2 0 NCT02893085 0
2 0 NCT02906943 1
2 0 NCT02907606 0
2 0 NCT02912052 0
2 0 NCT02912559 0
2 0 NCT02928224 2
2 0 NCT02938481 0
2 0 NCT02942706 1
2 0 NCT02944188 0
2 0 NCT02948985 1
2 0 NCT02949440 0
2 0 NCT02959762 0
2 0 NCT02969681 1
2 0 NCT02978612 0
2 0 NCT02979470 0
2 0 NCT03009227 0
2 0 NCT03015675 1
2 0 NCT03071705 0
2 0 NCT03072641 0
2 0 NCT03087071 1
2 0 NCT03088150 0
2 0 NCT03089268 1
2 0 NCT03090451 0
2 0 NCT03090815 0
2 0 NCT03091257 0
2 0 NCT03097224 0
2 0 NCT03101254 0
2 0 NCT03102801 0
2 0 NCT03104439 0
5 0 NCT00001439 0
5 0 NCT00002892 0
5 0 NCT00002952 0
5 0 NCT00003291 0
5 0 NCT00003444 0
5 0 NCT00003641 0
5 0 NCT00003895 0
5 0 NCT00003911 0
5 0 NCT00004153 0
5 0 NCT00013559 0
5 0 NCT00019396 0
5 0 NCT00035165 0
5 0 NCT00040352 0
5 0 NCT00050102 0
5 0 NCT00072293 0
5 0 NCT00094653 0
5 0 NCT00107718 0
5 0 NCT00112216 0
5 0 NCT00153569 0
5 0 NCT00159250 0
5 0 NCT00161109 0
5 0 NCT00168870 0
5 0 NCT00197912 0
5 0 NCT00199901 0
5 0 NCT00203879 0
5 0 NCT00243594 0
5 0 NCT00257205 0
5 0 NCT00257465 0
5 0 NCT00272350 0
5 0 NCT00275496 0
5 0 NCT00288938 0
5 0 NCT00289627 0
5 0 NCT00289640 0
5 0 NCT00300612 0
5 0 NCT00323830 0
5 0 NCT00327600 0
5 0 NCT00338377 0
5 0 NCT00339222 0
5 0 NCT00339404 0
5 0 NCT00344799 0
5 0 NCT00346008 0
5 0 NCT00348088 0
5 0 NCT00367965 0
5 0 NCT00368615 0
5 0 NCT00370136 0
5 0 NCT00405587 0
5 0 NCT00441662 0
5 0 NCT00445783 0
5 0 NCT00450593 2
5 0 NCT00451880 0
5 0 NCT00477906 0
5 0 NCT00482872 0
5 0 NCT00487864 0
5 0 NCT00506259 0
5 0 NCT00510302 0
5 0 NCT00518050 0
5 0 NCT00518206 0
5 0 NCT00518895 0
5 0 NCT00550628 0
5 0 NCT00553332 0
5 0 NCT00553618 0
5 0 NCT00556530 0
5 0 NCT00579683 0
5 0 NCT00580060 0
5 0 NCT00585000 0
5 0 NCT00591370 0
5 0 NCT00591500 1
5 0 NCT00596336 0
5 0 NCT00598741 0
5 0 NCT00615095 0
5 0 NCT00723710 0
5 0 NCT00745862 0
5 0 NCT00794053 0
5 0 NCT00794781 0
5 0 NCT00811759 0
5 0 NCT00826995 0
5 0 NCT00835341 0
5 0 NCT00846833 0
5 0 NCT00849407 0
5 0 NCT00862914 0
5 0 NCT00866177 0
5 0 NCT00888134 0
5 0 NCT00897481 0
5 0 NCT00897520 0
5 0 NCT00897546 0
5 0 NCT00898053 0
5 0 NCT00932035 0
5 0 NCT00936221 0
5 0 NCT00937690 0
5 0 NCT00940004 0
5 0 NCT00945269 0
5 0 NCT00948467 0
5 0 NCT00948558 0
5 0 NCT00949702 0
5 0 NCT00955578 0
5 0 NCT00963664 0
5 0 NCT00965276 0
5 0 NCT00996827 0
5 0 NCT01001299 0
5 0 NCT01004952 0
5 0 NCT01005654 0
5 0 NCT01006252 0
5 0 NCT01006980 0
5 0 NCT01011153 0
5 0 NCT01037127 2
5 0 NCT01037790 0
5 0 NCT01038492 0
5 0 NCT01067066 0
5 0 NCT01069627 0
5 0 NCT01072175 0
5 0 NCT01092585 0
5 0 NCT01106040 0
5 0 NCT01107418 2
5 0 NCT01124734 0
5 0 NCT01136967 0
5 0 NCT01138085 0
5 0 NCT01138345 0
5 0 NCT01139944 0
5 0 NCT01141686 0
5 0 NCT01153763 0
5 0 NCT01164891 2
5 0 NCT01166126 2
5 0 NCT01168050 0
5 0 NCT01209299 0
5 0 NCT01227889 0
5 0 NCT01238250 0
5 0 NCT01243372 0
5 0 NCT01245062 2
5 0 NCT01245556 0
5 0 NCT01248936 2
5 0 NCT01253564 0
5 0 NCT01256359 0
5 0 NCT01262963 0
5 0 NCT01264081 0
5 0 NCT01264380 0
5 0 NCT01266967 2
5 0 NCT01267357 0
5 0 NCT01274338 0
5 0 NCT01281722 0
5 0 NCT01307397 2
5 0 NCT01311466 0
5 0 NCT01324609 0
5 0 NCT01325441 0
5 0 NCT01328106 0
5 0 NCT01334008 0
5 0 NCT01336634 0
5 0 NCT01340833 0
5 0 NCT01351103 0
5 0 NCT01351480 0
5 0 NCT01377025 0
5 0 NCT01378975 0
5 0 NCT01390818 0
5 0 NCT01392079 0
5 0 NCT01400451 0
5 0 NCT01408797 0
5 0 NCT01413191 0
5 0 NCT01416714 0
5 0 NCT01417442 0
5 0 NCT01417520 0
5 0 NCT01435499 0
5 0 NCT01436656 2
5 0 NCT01437618 0
5 0 NCT01444560 0
5 0 NCT01462838 0
5 0 NCT01474551 0
5 0 NCT01475006 0
5 0 NCT01482260 0
5 0 NCT01495988 2
5 0 NCT01500304 0
5 0 NCT01502293 0
5 0 NCT01511913 0
5 0 NCT01512251 0
5 0 NCT01519323 0
5 0 NCT01519427 0
5 0 NCT01533948 0
5 0 NCT01534897 0
5 0 NCT01543113 0
5 0 NCT01545323 0
5 0 NCT01551693 0
5 0 NCT01556035 0
5 0 NCT01573494 0
5 0 NCT01582997 0
5 0 NCT01584648 0
5 0 NCT01585415 0
5 0 NCT01586195 0
5 0 NCT01586403 0
5 0 NCT01588847 0
5 0 NCT01593579 0
5 0 NCT01597908 2
5 0 NCT01605162 0
5 0 NCT01610531 0
5 0 NCT01616199 0
5 0 NCT01619774 2
5 0 NCT01638676 0
5 0 NCT01655745 0
5 0 NCT01656642 0
5 0 NCT01657591 0
5 0 NCT01667419 2
5 0 NCT01669265 0
5 0 NCT01673737 0
5 0 NCT01682083 0
5 0 NCT01683188 2
5 0 NCT01689519 0
5 0 NCT01695018 0
5 0 NCT01700699 0
5 0 NCT01701037 0
5 0 NCT01706939 0
5 0 NCT01711242 0
5 0 NCT01720407 0
5 0 NCT01720758 0
5 0 NCT01721200 0
5 0 NCT01721603 0
5 0 NCT01726738 0
5 0 NCT01744171 0
5 0 NCT01744860 2
5 0 NCT01748448 0
5 0 NCT01754376 2
5 0 NCT01763164 0
5 0 NCT01767454 2
5 0 NCT01772771 0
5 0 NCT01777776 2
5 0 NCT01781026 0
5 0 NCT01789827 0
5 0 NCT01791309 0
5 0 NCT01804140 0
5 0 NCT01810016 0
5 0 NCT01813214 0
5 0 NCT01817946 0
5 0 NCT01820364 2
5 0 NCT01826448 2
5 0 NCT01840527 2
5 0 NCT01841463 0
5 0 NCT01859182 0
5 0 NCT01860976 0
5 0 NCT01876212 0
5 0 NCT01877382 0
5 0 NCT01878396 2
5 0 NCT01894672 0
5 0 NCT01897116 0
5 0 NCT01898039 0
5 0 NCT01898585 2
5 0 NCT01902173 0
5 0 NCT01904968 0
5 0 NCT01907607 0
5 0 NCT01907802 0
5 0 NCT01909453 0
5 0 NCT01910181 0
5 0 NCT01924923 0
5 0 NCT01928940 2
5 0 NCT01940809 0
5 0 NCT01941927 0
5 0 NCT01942993 0
5 0 NCT01951690 0
5 0 NCT01955915 0
5 0 NCT01961115 0
5 0 NCT01972347 2
5 0 NCT01973322 0
5 0 NCT01978236 0
5 0 NCT01984359 0
5 0 NCT01989559 0
5 0 NCT01989585 0
5 0 NCT01990859 0
5 0 NCT02000167 0
5 0 NCT02000336 0
5 0 NCT02012231 0
5 0 NCT02023710 0
5 0 NCT02027961 0
5 0 NCT02034110 0
5 0 NCT02038348 0
5 0 NCT02039947 2
5 0 NCT02052193 0
5 0 NCT02065063 0
5 0 NCT02068079 0
5 0 NCT02070211 0
5 0 NCT02083484 0
5 0 NCT02089724 0
5 0 NCT02094872 2
5 0 NCT02097225 0
5 0 NCT02120222 0
5 0 NCT02130466 0
5 0 NCT02138292 0
5 0 NCT02142803 0
5 0 NCT02143050 0
5 0 NCT02143999 0
5 0 NCT02152995 0
5 0 NCT02155322 0
5 0 NCT02164916 0
5 0 NCT02167932 0
5 0 NCT02171286 0
5 0 NCT02178722 0
5 0 NCT02187783 0
5 0 NCT02196181 0
5 0 NCT02200562 0
5 0 NCT02202200 0
5 0 NCT02206360 0
5 0 NCT02223819 0
5 0 NCT02224781 0
5 0 NCT02230306 0
5 0 NCT02251314 0
5 0 NCT02255461 0
5 0 NCT02257424 0
5 0 NCT02263898 2
5 0 NCT02273219 0
5 0 NCT02274753 0
5 0 NCT02279004 0
5 0 NCT02281760 0
5 0 NCT02292732 0
5 0 NCT02296112 2
5 0 NCT02296996 0
5 0 NCT02300935 0
5 0 NCT02306850 0
5 0 NCT02308553 0
5 0 NCT02310451 0
5 0 NCT02323724 0
5 0 NCT02327078 0
5 0 NCT02334527 0
5 0 NCT02346955 0
5 0 NCT02354690 0
5 0 NCT02355574 0
5 0 NCT02355587 0
5 0 NCT02372708 0
5 0 NCT02374242 0
5 0 NCT02381457 0
5 0 NCT02382549 0
5 0 NCT02385214 0
5 0 NCT02392871 0
5 0 NCT02404441 0
5 0 NCT02408887 0
5 0 NCT02410863 0
5 0 NCT02414750 0
5 0 NCT02416232 0
5 0 NCT02427893 2
5 0 NCT02434107 0
5 0 NCT02441543 0
5 0 NCT02447536 0
5 0 NCT02447861 0
5 0 NCT02452424 0
5 0 NCT02457065 0
5 0 NCT02461420 0
5 0 NCT02476357 0
5 0 NCT02478320 0
5 0 NCT02493361 0
5 0 NCT02498756 0
5 0 NCT02501551 0
5 0 NCT02506153 0
5 0 NCT02526316 0
5 0 NCT02535078 0
5 0 NCT02537600 0
5 0 NCT02540876 0
5 0 NCT02546661 0
5 0 NCT02561533 0
5 0 NCT02564458 0
5 0 NCT02583516 0
5 0 NCT02587650 0
5 0 NCT02595866 0
5 0 NCT02616393 0
5 0 NCT02621515 0
5 0 NCT02631447 0
5 0 NCT02645149 0
5 0 NCT02650492 0
5 0 NCT02663232 2
5 0 NCT02668887 0
5 0 NCT02671513 0
5 0 NCT02672358 0
5 0 NCT02692872 0
5 0 NCT02693535 0
5 0 NCT02716116 0
5 0 NCT02758665 0
5 0 NCT02768766 0
5 0 NCT02780934 0
5 0 NCT02784639 0
5 0 NCT02786602 0
5 0 NCT02787486 0
5 0 NCT02788669 0
5 0 NCT02791607 0
5 0 NCT02812693 0
5 0 NCT02818023 0
5 0 NCT02828202 0
5 0 NCT02836548 2
5 0 NCT02838433 0
5 0 NCT02846714 0
5 0 NCT02854124 0
5 0 NCT02857270 0
5 0 NCT02858869 0
5 0 NCT02858921 0
5 0 NCT02870244 0
5 0 NCT02872259 0
5 0 NCT02883933 0
5 0 NCT02902029 0
5 0 NCT02902042 0
5 0 NCT02907606 0
5 0 NCT02915666 0
5 0 NCT02922283 0
5 0 NCT02941744 0
5 0 NCT02945631 0
5 0 NCT02949843 0
5 0 NCT02967120 0
5 0 NCT02968303 0
5 0 NCT02974803 2
5 0 NCT02981940 0
5 0 NCT02989064 0
5 0 NCT02993315 0
5 0 NCT03005639 0
5 0 NCT03025256 0
5 0 NCT03026517 0
5 0 NCT03033485 0
5 0 NCT03035383 0
5 0 NCT03054584 0
5 0 NCT03080948 0
5 0 NCT03088176 0
5 0 NCT03101254 2
15 0 NCT00000758 0
15 0 NCT00001239 0
15 0 NCT00001450 0
15 0 NCT00002478 0
15 0 NCT00002506 0
15 0 NCT00002536 0
15 0 NCT00002562 0
15 0 NCT00002570 0
15 0 NCT00002576 0
15 0 NCT00002631 0
15 0 NCT00002632 0
15 0 NCT00002642 0
15 0 NCT00002644 0
15 0 NCT00002649 0
15 0 NCT00002763 0
15 0 NCT00002791 0
15 0 NCT00002813 0
15 0 NCT00002916 0
15 0 NCT00003017 0
15 0 NCT00003078 0
15 0 NCT00003267 0
15 0 NCT00003377 0
15 0 NCT00003379 0
15 0 NCT00003429 0
15 0 NCT00003445 0
15 0 NCT00003525 0
15 0 NCT00003548 0
15 0 NCT00003598 0
15 0 NCT00003624 0
15 0 NCT00004091 0
15 0 NCT00004178 0
15 0 NCT00004261 0
15 0 NCT00004866 0
15 0 NCT00004936 0
15 0 NCT00005095 0
15 0 NCT00005941 0
15 0 NCT00005965 0
15 0 NCT00006216 0
15 0 NCT00006482 0
15 0 NCT00019110 0
15 0 NCT00023660 0
15 0 NCT00031759 0
15 0 NCT00032162 0
15 0 NCT00049556 0
15 0 NCT00054041 0
15 0 NCT00054444 0
15 0 NCT00057863 0
15 0 NCT00057928 0
15 0 NCT00068861 0
15 0 NCT00070317 0
15 0 NCT00072540 0
15 0 NCT00085631 0
15 0 NCT00098956 0
15 0 NCT00101192 0
15 0 NCT00110019 0
15 0 NCT00118300 0
15 0 NCT00120848 0
15 0 NCT00121173 0
15 0 NCT00126841 0
15 0 NCT00136955 0
15 0 NCT00144053 0
15 0 NCT00146458 0
15 0 NCT00147238 0
15 0 NCT00152828 0
15 0 NCT00153400 0
15 0 NCT00154479 0
15 0 NCT00154583 0
15 0 NCT00155077 0
15 0 NCT00155766 0
15 0 NCT00155792 0
15 0 NCT00157950 0
15 0 NCT00159575 0
15 0 NCT00188539 0
15 0 NCT00190983 0
15 0 NCT00193739 0
15 0 NCT00199680 0
15 0 NCT00212043 0
15 0 NCT00231829 0
15 0 NCT00251888 0
15 0 NCT00253539 0
15 0 NCT00257348 0
15 0 NCT00257816 0
15 0 NCT00257829 0
15 0 NCT00258401 0
15 0 NCT00260039 0
15 0 NCT00272350 0
15 0 NCT00276120 0
15 0 NCT00276796 0
15 0 NCT00278304 0
15 0 NCT00287885 0
15 0 NCT00287911 0
15 0 NCT00290459 0
15 0 NCT00290758 0
15 0 NCT00292955 0
15 0 NCT00295789 0
15 0 NCT00295945 0
15 0 NCT00303823 0
15 0 NCT00309959 0
15 0 NCT00320983 0
15 0 NCT00322920 0
15 0 NCT00331760 0
15 0 NCT00339989 0
15 0 NCT00354549 0
15 0 NCT00356460 0
15 0 NCT00365443 0
15 0 NCT00365729 0
15 0 NCT00380055 0
15 0 NCT00383279 0
15 0 NCT00386217 0
15 0 NCT00386399 0
15 0 NCT00413179 0
15 0 NCT00416455 0
15 0 NCT00421096 0
15 0 NCT00423046 0
15 0 NCT00428194 0
15 0 NCT00438906 0
15 0 NCT00443313 0
15 0 NCT00451945 0
15 0 NCT00456807 0
15 0 NCT00458562 0
15 0 NCT00461760 0
15 0 NCT00462397 0
15 0 NCT00479375 0
15 0 NCT00483288 0
15 0 NCT00490139 0
15 0 NCT00490789 0
15 0 NCT00493376 0
15 0 NCT00496106 0
15 0 NCT00499031 0
15 0 NCT00499291 0
15 0 NCT00501137 0
15 0 NCT00501904 0
15 0 NCT00506376 0
15 0 NCT00508703 0
15 0 NCT00511615 0
15 0 NCT00512551 2
15 0 NCT00517309 0
15 0 NCT00518388 0
15 0 NCT00519272 0
15 0 NCT00520598 0
15 0 NCT00522223 0
15 0 NCT00528034 0
15 0 NCT00532818 0
15 0 NCT00543543 0
15 0 NCT00546130 0
15 0 NCT00548418 0
15 0 NCT00551187 0
15 0 NCT00558077 0
15 0 NCT00573651 0
15 0 NCT00588770 0
15 0 NCT00591656 0
15 0 NCT00595725 0
15 0 NCT00600210 0
15 0 NCT00601406 2
15 0 NCT00601601 0
15 0 NCT00604175 0
15 0 NCT00629993 0
15 0 NCT00631241 0
15 0 NCT00673192 0
15 0 NCT00677677 0
15 0 NCT00691301 0
15 0 NCT00695422 0
15 0 NCT00699491 0
15 0 NCT00703170 0
15 0 NCT00703508 0
15 0 NCT00703625 0
15 0 NCT00728871 0
15 0 NCT00729586 0
15 0 NCT00735514 0
15 0 NCT00736216 0
15 0 NCT00741533 0
15 0 NCT00748709 0
15 0 NCT00751140 0
15 0 NCT00789581 0
15 0 NCT00794053 0
15 0 NCT00798265 0
15 0 NCT00800644 0
15 0 NCT00804466 0
15 0 NCT00806117 0
15 0 NCT00811590 0
15 0 NCT00834106 0
15 0 NCT00839475 0
15 0 NCT00842452 0
15 0 NCT00842738 0
15 0 NCT00851643 0
15 0 NCT00854269 0
15 0 NCT00872937 0
15 0 NCT00889902 0
15 0 NCT00895349 0
15 0 NCT00896389 0
15 0 NCT00897091 0
15 0 NCT00900081 0
15 0 NCT00900575 0
15 0 NCT00902551 0
15 0 NCT00903591 0
15 0 NCT00905658 0
15 0 NCT00907140 0
15 0 NCT00907634 0
15 0 NCT00911521 0
15 0 NCT00915889 0
15 0 NCT00916500 0
15 0 NCT00920920 0
15 0 NCT00924027 0
15 0 NCT00924066 0
15 0 NCT00925288 0
15 0 NCT00937547 0
15 0 NCT00938106 0
15 0 NCT00941512 0
15 0 NCT00943722 0
15 0 NCT00950261 0
15 0 NCT00956670 0
15 0 NCT00957411 0
15 0 NCT00957450 0
15 0 NCT00963859 0
15 0 NCT00964210 0
15 0 NCT00966992 0
15 0 NCT00978874 0
15 0 NCT00981552 0
15 0 NCT00984490 0
15 0 NCT00994812 0
15 0 NCT00997009 0
15 0 NCT01000415 0
15 0 NCT01005329 0
15 0 NCT01008917 0
15 0 NCT01011933 0
15 0 NCT01014026 0
15 0 NCT01015079 0
15 0 NCT01039493 0
15 0 NCT01040312 0
15 0 NCT01047345 0
15 0 NCT01048853 0
15 0 NCT01058148 0
15 0 NCT01063296 0
15 0 NCT01074424 0
15 0 NCT01075412 0
15 0 NCT01076400 0
15 0 NCT01077856 0
15 0 NCT01087268 0
15 0 NCT01088347 0
15 0 NCT01090635 0
15 0 NCT01092195 0
15 0 NCT01101750 0
15 0 NCT01101828 0
15 0 NCT01102556 0
15 0 NCT01102569 0
15 0 NCT01116245 0
15 0 NCT01117389 0
15 0 NCT01117402 0
15 0 NCT01147965 0
15 0 NCT01149434 0
15 0 NCT01155258 0
15 0 NCT01158248 0
15 0 NCT01177345 0
15 0 NCT01178151 0
15 0 NCT01181375 0
15 0 NCT01194609 0
15 0 NCT01205958 0
15 0 NCT01217177 0
15 0 NCT01221987 0
15 0 NCT01226264 0
15 0 NCT01229930 0
15 0 NCT01230996 0
15 0 NCT01231945 0
15 0 NCT01233206 0
15 0 NCT01245764 0
15 0 NCT01262144 0
15 0 NCT01266447 0
15 0 NCT01266460 0
15 0 NCT01267253 0
15 0 NCT01276730 0
15 0 NCT01281852 0
15 0 NCT01284231 0
15 0 NCT01295502 0
15 0 NCT01298869 0
15 0 NCT01299714 0
15 0 NCT01310231 0
15 0 NCT01319890 0
15 0 NCT01328028 0
15 0 NCT01360931 0
15 0 NCT01371695 0
15 0 NCT01373723 0
15 0 NCT01385436 0
15 0 NCT01389778 0
15 0 NCT01390233 0
15 0 NCT01393470 0
15 0 NCT01418859 0
15 0 NCT01461772 0
15 0 NCT01470209 0
15 0 NCT01474356 0
15 0 NCT01485731 0
15 0 NCT01487681 0
15 0 NCT01489865 0
15 0 NCT01505400 2
15 0 NCT01505751 0
15 0 NCT01510756 0
15 0 NCT01511328 0
15 0 NCT01544478 0
15 0 NCT01546363 0
15 0 NCT01549730 0
15 0 NCT01550783 0
15 0 NCT01561326 0
15 0 NCT01561586 0
15 0 NCT01566240 0
15 0 NCT01568515 0
15 0 NCT01575444 0
15 0 NCT01578551 0
15 0 NCT01585428 0
15 0 NCT01589367 0
15 0 NCT01590017 0
15 0 NCT01594099 0
15 0 NCT01613521 0
15 0 NCT01620814 0
15 0 NCT01622257 0
15 0 NCT01628757 0
15 0 NCT01634893 0
15 0 NCT01638988 0
15 0 NCT01641484 0
15 0 NCT01644136 0
15 0 NCT01650987 0
15 0 NCT01651949 0
15 0 NCT01663753 0
15 0 NCT01667211 0
15 0 NCT01671462 0
15 0 NCT01680523 0
15 0 NCT01684449 0
15 0 NCT01697163 0
15 0 NCT01709448 0
15 0 NCT01717781 0
15 0 NCT01723800 0
15 0 NCT01755845 0
15 0 NCT01755897 0
15 0 NCT01756170 0
15 0 NCT01769560 0
15 0 NCT01779128 0
15 0 NCT01784393 0
15 0 NCT01791478 0
15 0 NCT01811212 0
15 0 NCT01824537 0
15 0 NCT01825915 0
15 0 NCT01837693 0
15 0 NCT01854983 0
15 0 NCT01862874 0
15 0 NCT01874548 0
15 0 NCT01899404 0
15 0 NCT01901770 0
15 0 NCT01925378 0
15 0 NCT01926821 0
15 0 NCT01928225 0
15 0 NCT01937533 0
15 0 NCT01944722 0
15 0 NCT01958112 0
15 0 NCT01960829 0
15 0 NCT01968837 0
15 0 NCT01984697 0
15 0 NCT02000089 0
15 0 NCT02009579 0
15 0 NCT02016833 0
15 0 NCT02020707 0
15 0 NCT02026648 0
15 0 NCT02036164 0
15 0 NCT02039388 0
15 0 NCT02046265 0
15 0 NCT02069171 0
15 0 NCT02078245 0
15 0 NCT02113514 0
15 0 NCT02124252 0
15 0 NCT02124304 0
15 0 NCT02128126 0
15 0 NCT02128659 0
15 0 NCT02140021 0
15 0 NCT02142803 0
15 0 NCT02157610 0
15 0 NCT02160106 0
15 0 NCT02166515 0
15 0 NCT02172911 0
15 0 NCT02178098 0
15 0 NCT02198417 0
15 0 NCT02203513 0
15 0 NCT02233387 0
15 0 NCT02237326 0
15 0 NCT02239575 0
15 0 NCT02247232 0
15 0 NCT02247999 0
15 0 NCT02257528 0
15 0 NCT02258555 0
15 0 NCT02265120 0
15 0 NCT02274753 0
15 0 NCT02283606 0
15 0 NCT02285855 0
15 0 NCT02286219 0
15 0 NCT02288689 0
15 0 NCT02303041 0
15 0 NCT02304107 0
15 0 NCT02309632 0
15 0 NCT02309658 0
15 0 NCT02320578 0
15 0 NCT02323841 0
15 0 NCT02323997 0
15 0 NCT02324062 0
15 0 NCT02325505 0
15 0 NCT02328872 0
15 0 NCT02346227 0
15 0 NCT02348398 0
15 0 NCT02352844 1
15 0 NCT02365714 0
15 0 NCT02365935 0
15 0 NCT02367859 0
15 0 NCT02368574 0
15 0 NCT02371135 0
15 0 NCT02376023 0
15 0 NCT02378324 0
15 0 NCT02382900 0
15 0 NCT02387645 0
15 0 NCT02388698 0
15 0 NCT02389842 0
15 0 NCT02397252 0
15 0 NCT02404844 0
15 0 NCT02422563 0
15 0 NCT02427399 0
15 0 NCT02430610 0
15 0 NCT02439346 0
15 0 NCT02457117 0
15 0 NCT02467907 0
15 0 NCT02470416 0
15 0 NCT02471027 0
15 0 NCT02477254 0
15 0 NCT02479178 0
15 0 NCT02479685 0
15 0 NCT02486471 0
15 0 NCT02491099 0
15 0 NCT02494310 0
15 0 NCT02509702 0
15 0 NCT02518256 0
15 0 NCT02540421 0
15 0 NCT02558348 0
15 0 NCT02569125 0
15 0 NCT02573415 0
15 0 NCT02576444 0
15 0 NCT02595554 0
15 0 NCT02595879 0
15 0 NCT02597738 0
15 0 NCT02605941 0
15 0 NCT02613286 0
15 0 NCT02613923 0
15 0 NCT02624531 0
15 0 NCT02629510 0
15 0 NCT02630199 0
15 0 NCT02635360 0
15 0 NCT02642042 0
15 0 NCT02645149 0
15 0 NCT02646319 0
15 0 NCT02664389 0
15 0 NCT02680613 0
15 0 NCT02682433 0
15 0 NCT02684942 0
15 0 NCT02688816 0
15 0 NCT02698423 0
15 0 NCT02703961 0
15 0 NCT02705612 0
15 0 NCT02733289 0
15 0 NCT02736305 0
15 0 NCT02740790 0
15 0 NCT02743923 0
15 0 NCT02775461 0
15 0 NCT02783235 0
15 0 NCT02786602 0
15 0 NCT02788669 0
15 0 NCT02790944 0
15 0 NCT02808832 0
15 0 NCT02814032 0
15 0 NCT02820857 0
15 0 NCT02823691 0
15 0 NCT02825810 0
15 0 NCT02842879 0
15 0 NCT02866006 0
15 0 NCT02869490 0
15 0 NCT02875990 0
15 0 NCT02881697 0
15 0 NCT02903693 0
15 0 NCT02907970 0
15 0 NCT02908607 0
15 0 NCT02921269 0
15 0 NCT02923739 0
15 0 NCT02937155 0
15 0 NCT02945891 0
15 0 NCT02950350 0
15 0 NCT02955667 0
15 0 NCT02956031 0
15 0 NCT02978547 0
15 0 NCT02993159 0
15 0 NCT03002324 0
15 0 NCT03005743 0
15 0 NCT03018327 0
15 0 NCT03022591 0
15 0 NCT03023319 0
15 0 NCT03029013 0
15 0 NCT03033550 0
15 0 NCT03052270 0
15 0 NCT03052556 0
15 0 NCT03055130 0
15 0 NCT03064087 0
15 0 NCT03069040 0
15 0 NCT03071705 0
15 0 NCT03071848 0
15 0 NCT03076879 0
15 0 NCT03083249 0
15 0 NCT03086733 0
15 0 NCT03087565 0
15 0 NCT03093623 0
15 0 NCT03105856 0
17 0 NCT00000942 0
17 0 NCT00001135 0
17 0 NCT00001238 0
17 0 NCT00002503 0
17 0 NCT00002760 0
17 0 NCT00002779 0
17 0 NCT00002848 0
17 0 NCT00002879 0
17 0 NCT00002909 0
17 0 NCT00002924 0
17 0 NCT00003026 0
17 0 NCT00003045 0
17 0 NCT00003104 0
17 0 NCT00003124 0
17 0 NCT00003290 0
17 0 NCT00003307 0
17 0 NCT00003533 0
17 0 NCT00003534 0
17 0 NCT00003903 0
17 0 NCT00004065 0
17 0 NCT00004261 0
17 0 NCT00005096 0
17 0 NCT00005260 0
17 0 NCT00005848 0
17 0 NCT00006129 0
17 0 NCT00006359 0
17 0 NCT00006371 0
17 0 NCT00006392 0
17 0 NCT00007540 0
17 0 NCT00011349 0
17 0 NCT00020891 0
17 0 NCT00022412 0
17 0 NCT00026377 0
17 0 NCT00026884 0
17 0 NCT00027599 0
17 0 NCT00030277 0
17 0 NCT00030290 0
17 0 NCT00033787 0
17 0 NCT00035217 0
17 0 NCT00036543 0
17 0 NCT00037024 0
17 0 NCT00041301 0
17 0 NCT00044980 0
17 0 NCT00047944 0
17 0 NCT00049309 0
17 0 NCT00055575 0
17 0 NCT00064194 0
17 0 NCT00065208 0
17 0 NCT00071968 0
17 0 NCT00076531 0
17 0 NCT00078910 0
17 0 NCT00079235 0
17 0 NCT00080782 0
17 0 NCT00084526 0
17 0 NCT00089856 0
17 0 NCT00099086 0
17 0 NCT00103337 0
17 0 NCT00105053 0
17 0 NCT00110214 0
17 0 NCT00110526 0
17 0 NCT00116142 0
17 0 NCT00124410 0
17 0 NCT00133900 0
17 0 NCT00136526 0
17 0 NCT00138138 0
17 0 NCT00139191 0
17 0 NCT00140348 0
17 0 NCT00147238 0
17 0 NCT00155025 0
17 0 NCT00165399 0
17 0 NCT00166478 0
17 0 NCT00167024 0
17 0 NCT00173407 0
17 0 NCT00177619 0
17 0 NCT00203918 0
17 0 NCT00242073 0
17 0 NCT00243646 0
17 0 NCT00244998 0
17 0 NCT00253708 0
17 0 NCT00272038 0
17 0 NCT00278772 0
17 0 NCT00288080 0
17 0 NCT00288106 0
17 0 NCT00301418 0
17 0 NCT00303875 0
17 0 NCT00309985 0
17 0 NCT00310479 0
17 0 NCT00311623 0
17 0 NCT00317720 0
17 0 NCT00319319 0
17 0 NCT00323180 0
17 0 NCT00323388 0
17 0 NCT00326586 0
17 0 NCT00329797 0
17 0 NCT00331773 0
17 0 NCT00342784 0
17 0 NCT00345813 0
17 0 NCT00348816 0
17 0 NCT00350727 0
17 0 NCT00354432 0
17 0 NCT00369915 0
17 0 NCT00382356 0
17 0 NCT00387348 0
17 0 NCT00416390 0
17 0 NCT00421694 0
17 0 NCT00425503 0
17 0 NCT00430183 0
17 0 NCT00433407 1
17 0 NCT00433706 0
17 0 NCT00465595 0
17 0 NCT00475982 0
17 0 NCT00477919 0
17 0 NCT00489060 0
17 0 NCT00499291 1
17 0 NCT00515086 0
17 0 NCT00526591 0
17 0 NCT00528866 0
17 0 NCT00534196 0
17 0 NCT00541047 0
17 0 NCT00551044 0
17 0 NCT00558363 0
17 0 NCT00568516 0
17 0 NCT00569062 0
17 0 NCT00573820 0
17 0 NCT00574366 0
17 0 NCT00574769 0
17 0 NCT00574899 0
17 0 NCT00579514 1
17 0 NCT00580476 0
17 0 NCT00582140 0
17 0 NCT00582543 0
17 0 NCT00586443 0
17 0 NCT00593853 0
17 0 NCT00617669 0
17 0 NCT00618345 0
17 0 NCT00619996 0
17 0 NCT00620594 0
17 0 NCT00630786 0
17 0 NCT00630799 0
17 0 NCT00631527 0
17 0 NCT00632138 0
17 0 NCT00636090 1
17 0 NCT00637871 0
17 0 NCT00644488 0
17 0 NCT00646828 0
17 0 NCT00654186 0
17 0 NCT00657904 0
17 0 NCT00657982 2
17 0 NCT00667550 0
17 0 NCT00668083 0
17 0 NCT00668642 0
17 0 NCT00675545 0
17 0 NCT00684905 0
17 0 NCT00686036 0
17 0 NCT00688532 0
17 0 NCT00692874 0
17 0 NCT00697268 0
17 0 NCT00706966 0
17 0 NCT00707356 0
17 0 NCT00708968 0
17 0 NCT00733213 0
17 0 NCT00744549 0
17 0 NCT00747760 0
17 0 NCT00749502 0
17 0 NCT00752739 0
17 0 NCT00759408 0
17 0 NCT00767845 0
17 0 NCT00769223 0
17 0 NCT00770263 0
17 0 NCT00777452 0
17 0 NCT00780975 0
17 0 NCT00781326 0
17 0 NCT00790374 0
17 0 NCT00792363 0
17 0 NCT00801996 0
17 0 NCT00805701 0
17 0 NCT00815672 0
17 0 NCT00824902 0
17 0 NCT00828633 0
17 0 NCT00830635 0
17 0 NCT00842257 0
17 0 NCT00843531 0
17 0 NCT00851682 0
17 0 NCT00852007 0
17 0 NCT00853931 0
17 0 NCT00856102 0
17 0 NCT00866294 0
17 0 NCT00868803 0
17 0 NCT00869206 0
17 0 NCT00869739 0
17 0 NCT00877617 0
17 0 NCT00881725 0
17 0 NCT00895115 0
17 0 NCT00899184 0
17 0 NCT00899639 0
17 0 NCT00910884 0
17 0 NCT00917501 0
17 0 NCT00918385 0
17 0 NCT00923221 0
17 0 NCT00937586 0
17 0 NCT00937768 0
17 0 NCT00941343 0
17 0 NCT00946543 0
17 0 NCT00947882 0
17 0 NCT00957606 0
17 0 NCT00959023 0
17 0 NCT00963274 0
17 0 NCT00966095 0
17 0 NCT00967889 0
17 0 NCT00969111 0
17 0 NCT00971789 0
17 0 NCT00975429 0
17 0 NCT00983710 0
17 0 NCT00984919 0
17 0 NCT01009736 0
17 0 NCT01010256 0
17 0 NCT01013506 0
17 0 NCT01020305 2
17 0 NCT01026623 2
17 0 NCT01031446 0
17 0 NCT01042496 0
17 0 NCT01073332 0
17 0 NCT01075308 2
17 0 NCT01077596 0
17 0 NCT01080352 0
17 0 NCT01086956 0
17 0 NCT01089881 0
17 0 NCT01100840 0
17 0 NCT01122199 1
17 0 NCT01138085 0
17 0 NCT01138527 0
17 0 NCT01155791 0
17 0 NCT01162395 0
17 0 NCT01174199 2
17 0 NCT01174953 0
17 0 NCT01195376 1
17 0 NCT01221168 0
17 0 NCT01226316 1
17 0 NCT01233557 0
17 0 NCT01238250 0
17 0 NCT01243385 0
17 0 NCT01250717 0
17 0 NCT01253213 0
17 0 NCT01275651 0
17 0 NCT01275872 0
17 0 NCT01277562 0
17 0 NCT01277757 0
17 0 NCT01283035 0
17 0 NCT01288092 0
17 0 NCT01296672 0
17 0 NCT01302041 0
17 0 NCT01306045 0
17 0 NCT01312857 0
17 0 NCT01320397 0
17 0 NCT01324700 0
17 0 NCT01327417 0
17 0 NCT01350180 2
17 0 NCT01368588 0
17 0 NCT01371513 0
17 0 NCT01384994 0
17 0 NCT01390818 1
17 0 NCT01391494 0
17 0 NCT01392352 0
17 0 NCT01398657 0
17 0 NCT01401972 0
17 0 NCT01403688 0
17 0 NCT01410656 0
17 0 NCT01414283 0
17 0 NCT01415375 0
17 0 NCT01418040 0
17 0 NCT01429064 0
17 0 NCT01430572 1
17 0 NCT01436214 0
17 0 NCT01444820 0
17 0 NCT01451983 0
17 0 NCT01458067 1
17 0 NCT01466244 0
17 0 NCT01470209 0
17 0 NCT01478412 0
17 0 NCT01478828 0
17 0 NCT01485861 2
17 0 NCT01492751 0
17 0 NCT01507753 0
17 0 NCT01512706 0
17 0 NCT01514864 0
17 0 NCT01520441 0
17 0 NCT01530295 0
17 0 NCT01542021 0
17 0 NCT01545154 0
17 0 NCT01551030 0
17 0 NCT01569581 0
17 0 NCT01576172 2
17 0 NCT01584960 0
17 0 NCT01595217 0
17 0 NCT01607008 0
17 0 NCT01614548 0
17 0 NCT01632930 0
17 0 NCT01638533 0
17 0 NCT01640262 0
17 0 NCT01642732 0
17 0 NCT01663415 0
17 0 NCT01681433 0
17 0 NCT01685190 0
17 0 NCT01691040 0
17 0 NCT01695044 0
17 0 NCT01703780 0
17 0 NCT01710098 0
17 0 NCT01716702 0
17 0 NCT01717898 1
17 0 NCT01729676 0
17 0 NCT01733836 0
17 0 NCT01739062 1
17 0 NCT01750918 0
17 0 NCT01751451 0
17 0 NCT01769950 0
17 0 NCT01780701 0
17 0 NCT01786031 1
17 0 NCT01796028 0
17 0 NCT01796847 0
17 0 NCT01802242 0
17 0 NCT01802307 0
17 0 NCT01802320 0
17 0 NCT01808222 0
17 0 NCT01809691 0
17 0 NCT01814150 0
17 0 NCT01815697 0
17 0 NCT01817738 2
17 0 NCT01823562 0
17 0 NCT01827384 0
17 0 NCT01834001 0
17 0 NCT01834209 0
17 0 NCT01844999 0
17 0 NCT01845792 0
17 0 NCT01858441 1
17 0 NCT01859221 0
17 0 NCT01870726 0
17 0 NCT01875250 1
17 0 NCT01884285 0
17 0 NCT01906632 0
17 0 NCT01917890 0
17 0 NCT01918306 0
17 0 NCT01920061 0
17 0 NCT01922375 0
17 0 NCT01931046 0
17 0 NCT01938339 0
17 0 NCT01940237 0
17 0 NCT01940276 0
17 0 NCT01968538 0
17 0 NCT01971515 1
17 0 NCT01987999 0
17 0 NCT01989546 1
17 0 NCT01995058 0
17 0 NCT02012296 0
17 0 NCT02020070 0
17 0 NCT02020291 0
17 0 NCT02022371 0
17 0 NCT02023489 0
17 0 NCT02029560 0
17 0 NCT02032550 0
17 0 NCT02036060 0
17 0 NCT02044926 0
17 0 NCT02058706 0
17 0 NCT02064036 0
17 0 NCT02064582 0
17 0 NCT02066961 0
17 0 NCT02093598 0
17 0 NCT02103088 0
17 0 NCT02124668 0
17 0 NCT02125357 0
17 0 NCT02131649 0
17 0 NCT02139579 0
17 0 NCT02145559 1
17 0 NCT02155582 0
17 0 NCT02155920 0
17 0 NCT02156869 0
17 0 NCT02159495 0
17 0 NCT02159690 0
17 0 NCT02162836 0
17 0 NCT02189174 1
17 0 NCT02189486 0
17 0 NCT02201212 0
17 0 NCT02203513 0
17 0 NCT02206243 0
17 0 NCT02215096 2
17 0 NCT02215733 0
17 0 NCT02224911 0
17 0 NCT02229565 0
17 0 NCT02232724 0
17 0 NCT02234934 0
17 0 NCT02236195 0
17 0 NCT02257736 0
17 0 NCT02268175 0
17 0 NCT02279862 0
17 0 NCT02286921 0
17 0 NCT02288936 0
17 0 NCT02298595 0
17 0 NCT02300389 0
17 0 NCT02302742 0
17 0 NCT02303327 0
17 0 NCT02311764 0
17 0 NCT02319239 0
17 0 NCT02353819 0
17 0 NCT02360618 0
17 0 NCT02367196 0
17 0 NCT02376166 0
17 0 NCT02376296 0
17 0 NCT02382237 0
17 0 NCT02396368 0
17 0 NCT02397408 0
17 0 NCT02401347 0
17 0 NCT02407054 0
17 0 NCT02424448 0
17 0 NCT02425163 0
17 0 NCT02425592 0
17 0 NCT02446405 0
17 0 NCT02449538 1
17 0 NCT02457910 0
17 0 NCT02461446 0
17 0 NCT02462447 0
17 0 NCT02465060 0
17 0 NCT02476045 0
17 0 NCT02478125 0
17 0 NCT02485379 0
17 0 NCT02485691 0
17 0 NCT02487823 0
17 0 NCT02491411 0
17 0 NCT02495974 0
17 0 NCT02522715 0
17 0 NCT02525068 0
17 0 NCT02536469 0
17 0 NCT02560181 0
17 0 NCT02569125 0
17 0 NCT02573636 0
17 0 NCT02588404 0
17 0 NCT02592473 0
17 0 NCT02594202 0
17 0 NCT02615730 0
17 0 NCT02618161 0
17 0 NCT02619565 0
17 0 NCT02632669 0
17 0 NCT02640131 0
17 0 NCT02644122 0
17 0 NCT02649439 0
17 0 NCT02649855 0
17 0 NCT02655952 0
17 0 NCT02656615 0
17 0 NCT02657863 0
17 0 NCT02668718 0
17 0 NCT02676544 0
17 0 NCT02678520 0
17 0 NCT02688881 1
17 0 NCT02696525 0
17 0 NCT02702908 0
17 0 NCT02709889 0
17 0 NCT02721433 0
17 0 NCT02721979 0
17 0 NCT02724501 0
17 0 NCT02726113 0
17 0 NCT02727868 0
17 0 NCT02761694 0
17 0 NCT02788409 0
17 0 NCT02793882 0
17 0 NCT02799303 0
17 0 NCT02807805 0
17 0 NCT02813408 0
17 0 NCT02816138 0
17 0 NCT02821507 0
17 0 NCT02821728 0
17 0 NCT02822482 0
17 0 NCT02825628 0
17 0 NCT02849990 0
17 0 NCT02853097 0
17 0 NCT02860819 0
17 0 NCT02893917 0
17 0 NCT02905318 0
17 0 NCT02911467 0
17 0 NCT02920450 0
17 0 NCT02922218 0
17 0 NCT02928432 0
17 0 NCT02935205 0
17 0 NCT02943096 0
17 0 NCT02957357 0
17 0 NCT02961114 0
17 0 NCT02961283 1
17 0 NCT02963051 0
17 0 NCT02987829 0
17 0 NCT02987959 0
17 0 NCT02991807 0
17 0 NCT03009123 0
17 0 NCT03017794 0
17 0 NCT03026426 0
17 0 NCT03035032 0
17 0 NCT03040791 0
17 0 NCT03043222 0
17 0 NCT03044795 1
17 0 NCT03055624 0
17 0 NCT03072238 0
17 0 NCT03076203 0
17 0 NCT03077126 0
17 0 NCT03084913 0
17 0 NCT03087071 0
17 0 NCT03088059 0
17 0 NCT03099421 0
17 0 NCT03100981 0
17 0 NCT03101176 0
20 0 NCT00001188 0
20 0 NCT00001189 0
20 0 NCT00001300 0
20 0 NCT00002185 0
20 0 NCT00002466 0
20 0 NCT00002516 0
20 0 NCT00002641 0
20 0 NCT00002764 0
20 0 NCT00002804 0
20 0 NCT00002863 0
20 0 NCT00002898 0
20 0 NCT00003023 0
20 0 NCT00003052 0
20 0 NCT00003058 0
20 0 NCT00003212 0
20 0 NCT00003513 0
20 0 NCT00003521 0
20 0 NCT00003718 0
20 0 NCT00003764 0
20 0 NCT00003939 0
20 0 NCT00004110 0
20 0 NCT00004123 0
20 0 NCT00004180 0
20 0 NCT00004856 0
20 0 NCT00005862 0
20 0 NCT00006357 0
20 0 NCT00013416 0
20 0 NCT00025441 0
20 0 NCT00028587 0
20 0 NCT00030667 0
20 0 NCT00030784 0
20 0 NCT00039182 0
20 0 NCT00041236 0
20 0 NCT00053950 0
20 0 NCT00054496 0
20 0 NCT00060944 0
20 0 NCT00061984 0
20 0 NCT00069940 0
20 0 NCT00072358 0
20 0 NCT00072670 0
20 0 NCT00075439 0
20 0 NCT00086476 0
20 0 NCT00089258 0
20 0 NCT00093080 0
20 0 NCT00102609 0
20 0 NCT00112463 0
20 0 NCT00132704 0
20 0 NCT00162812 0
20 0 NCT00166972 0
20 0 NCT00167024 0
20 0 NCT00173732 0
20 0 NCT00217607 0
20 0 NCT00217620 0
20 0 NCT00233948 0
20 0 NCT00262600 0
20 0 NCT00295841 0
20 0 NCT00298064 0
20 0 NCT00304083 0
20 0 NCT00334984 0
20 0 NCT00346125 0
20 0 NCT00346164 0
20 0 NCT00356031 0
20 0 NCT00400569 0
20 0 NCT00410462 0
20 0 NCT00413192 0
20 0 NCT00450736 0
20 0 NCT00489528 0
20 0 NCT00490139 0
20 0 NCT00500422 0
20 0 NCT00502411 0
20 0 NCT00512551 0
20 0 NCT00531076 0
20 0 NCT00538525 0
20 0 NCT00578864 0
20 0 NCT00579501 0
20 0 NCT00579683 0
20 0 NCT00590785 0
20 0 NCT00611078 0
20 0 NCT00611598 0
20 0 NCT00633165 0
20 0 NCT00636922 0
20 0 NCT00642941 0
20 0 NCT00645632 0
20 0 NCT00655499 0
20 0 NCT00659360 0
20 0 NCT00718484 0
20 0 NCT00723099 0
20 0 NCT00740597 0
20 0 NCT00847691 0
20 0 NCT00851032 0
20 0 NCT00874146 0
20 0 NCT00877110 0
20 0 NCT00883701 0
20 0 NCT00890032 0
20 0 NCT00897702 0
20 0 NCT00898391 0
20 0 NCT00914914 0
20 0 NCT00931619 0
20 0 NCT00943722 0
20 0 NCT00944580 0
20 0 NCT00969917 0
20 0 NCT01037790 0
20 0 NCT01046825 0
20 0 NCT01117168 0
20 0 NCT01130506 0
20 0 NCT01136499 0
20 0 NCT01142674 0
20 0 NCT01143519 0
20 0 NCT01143740 0
20 0 NCT01154452 0
20 0 NCT01156168 0
20 0 NCT01160380 0
20 0 NCT01168050 0
20 0 NCT01175356 0
20 0 NCT01177839 0
20 0 NCT01183416 0
20 0 NCT01183429 0
20 0 NCT01183884 0
20 0 NCT01183897 0
20 0 NCT01208467 0
20 0 NCT01209598 0
20 0 NCT01257594 0
20 0 NCT01280448 0
20 0 NCT01343277 0
20 0 NCT01367002 0
20 0 NCT01426633 0
20 0 NCT01427582 0
20 0 NCT01430637 0
20 0 NCT01433237 0
20 0 NCT01457846 0
20 0 NCT01462175 0
20 0 NCT01472016 0
20 0 NCT01480518 0
20 0 NCT01504360 0
20 0 NCT01506596 0
20 0 NCT01523340 0
20 0 NCT01532687 0
20 0 NCT01537744 0
20 0 NCT01548144 0
20 0 NCT01555281 0
20 0 NCT01567046 0
20 0 NCT01605526 1
20 0 NCT01613950 0
20 0 NCT01619514 0
20 0 NCT01640262 0
20 0 NCT01662739 0
20 0 NCT01664000 0
20 0 NCT01677780 0
20 0 NCT01692496 0
20 0 NCT01692678 0
20 0 NCT01710176 0
20 0 NCT01716689 0
20 0 NCT01719549 0
20 0 NCT01723020 1
20 0 NCT01760525 0
20 0 NCT01772771 0
20 0 NCT01775072 0
20 0 NCT01791387 0
20 0 NCT01795768 0
20 0 NCT01798004 0
20 0 NCT01802333 0
20 0 NCT01827384 0
20 0 NCT01831726 0
20 0 NCT01841047 0
20 0 NCT01861301 0
20 0 NCT01868022 0
20 0 NCT01876043 0
20 0 NCT01877382 1
20 0 NCT01883518 0
20 0 NCT01900743 0
20 0 NCT01902329 0
20 0 NCT01913652 0
20 0 NCT01957709 0
20 0 NCT01975116 0
20 0 NCT01986595 0
20 0 NCT02002416 0
20 0 NCT02046304 0
20 0 NCT02048371 0
20 0 NCT02052778 0
20 0 NCT02059850 0
20 0 NCT02066675 0
20 0 NCT02098967 0
20 0 NCT02106312 0
20 0 NCT02131480 0
20 0 NCT02143635 0
20 0 NCT02157051 0
20 0 NCT02162732 0
20 0 NCT02176967 0
20 0 NCT02178072 0
20 0 NCT02180867 0
20 0 NCT02181075 0
20 0 NCT02186821 0
20 0 NCT02187783 0
20 0 NCT02194231 0
20 0 NCT02247544 0
20 0 NCT02249702 0
20 0 NCT02249949 0
20 0 NCT02264613 1
20 0 NCT02275286 0
20 0 NCT02301039 0
20 0 NCT02306161 0
20 0 NCT02307630 0
20 0 NCT02308761 0
20 0 NCT02314481 0
20 0 NCT02319018 0
20 0 NCT02319369 0
20 0 NCT02342587 0
20 0 NCT02343172 0
20 0 NCT02343406 0
20 0 NCT02357810 0
20 0 NCT02357914 0
20 0 NCT02367924 0
20 0 NCT02371174 0
20 0 NCT02387125 0
20 0 NCT02407080 0
20 0 NCT02448537 0
20 0 NCT02449551 0
20 0 NCT02451943 0
20 0 NCT02453191 0
20 0 NCT02461849 0
20 0 NCT02473133 0
20 0 NCT02499614 0
20 0 NCT02508467 0
20 0 NCT02545283 0
20 0 NCT02571829 0
20 0 NCT02573324 0
20 0 NCT02579824 0
20 0 NCT02587169 0
20 0 NCT02589496 0
20 0 NCT02606461 0
20 0 NCT02609984 0
20 0 NCT02626364 0
20 0 NCT02632045 0
20 0 NCT02633059 0
20 0 NCT02644122 0
20 0 NCT02645149 0
20 0 NCT02650648 0
20 0 NCT02670668 0
20 0 NCT02692183 0
20 0 NCT02774798 0
20 0 NCT02784795 0
20 0 NCT02788669 0
20 0 NCT02799485 0
20 0 NCT02812693 0
20 0 NCT02815995 0
20 0 NCT02821507 0
20 0 NCT02846987 0
20 0 NCT02848001 0
20 0 NCT02863146 0
20 0 NCT02871869 0
20 0 NCT02873975 0
20 0 NCT02909972 0
20 0 NCT02923778 0
20 0 NCT02935907 1
20 0 NCT02954653 0
20 0 NCT02959385 0
20 0 NCT02978859 0
20 0 NCT02983539 0
20 0 NCT02992743 0
20 0 NCT03009201 0
20 0 NCT03031730 0
20 0 NCT03033303 0
20 0 NCT03034252 0
20 0 NCT03041688 0
20 0 NCT03064243 0
20 0 NCT03074318 0
20 0 NCT03096912 0
20 0 NCT03106155 0
