12 0 NCT00001835 0
12 0 NCT00001898 0
12 0 NCT00002455 0
12 0 NCT00002525 0
12 0 NCT00002575 0
12 0 NCT00002593 0
12 0 NCT00002692 0
12 0 NCT00002893 0
12 0 NCT00003001 0
12 0 NCT00003260 0
12 0 NCT00003365 0
12 0 NCT00003571 0
12 0 NCT00003648 0
12 0 NCT00003833 0
12 0 NCT00003835 0
12 0 NCT00004150 0
12 0 NCT00004210 0
12 0 NCT00006103 0
12 0 NCT00006112 0
12 0 NCT00007618 0
12 0 NCT00007826 0
12 0 NCT00014079 0
12 0 NCT00016133 0
12 0 NCT00019760 0
12 0 NCT00026273 0
12 0 NCT00032344 0
12 0 NCT00044967 0
12 0 NCT00054912 0
12 0 NCT00055848 0
12 0 NCT00070213 0
12 0 NCT00103311 0
12 0 NCT00111761 0
12 0 NCT00114829 0
12 0 NCT00122187 0
12 0 NCT00130741 0
12 0 NCT00134069 0
12 0 NCT00172757 0
12 0 NCT00195585 0
12 0 NCT00202111 0
12 0 NCT00215982 0
12 0 NCT00217711 0
12 0 NCT00217737 0
12 0 NCT00225238 0
12 0 NCT00230399 0
12 0 NCT00243685 0
12 0 NCT00249977 0
12 0 NCT00256334 0
12 0 NCT00257322 0
12 0 NCT00309543 0
12 0 NCT00326495 0
12 0 NCT00351572 0
12 0 NCT00354705 0
12 0 NCT00385970 0
12 0 NCT00387842 0
12 0 NCT00399750 0
12 0 NCT00405587 0
12 0 NCT00410618 0
12 0 NCT00411112 0
12 0 NCT00422448 0
12 0 NCT00427089 0
12 0 NCT00427570 0
12 0 NCT00444678 0
12 0 NCT00450424 0
12 0 NCT00470353 0
12 0 NCT00475722 0
12 0 NCT00485316 0
12 0 NCT00489515 0
12 0 NCT00494611 0
12 0 NCT00496704 0
12 0 NCT00516230 0
12 0 NCT00522665 0
12 0 NCT00553332 0
12 0 NCT00564694 0
12 0 NCT00572143 0
12 0 NCT00604162 0
12 0 NCT00625573 0
12 0 NCT00640471 0
12 0 NCT00651677 0
12 0 NCT00654342 0
12 0 NCT00660894 0
12 0 NCT00671996 0
12 0 NCT00672308 0
12 0 NCT00675636 0
12 0 NCT00695461 0
12 0 NCT00696345 0
12 0 NCT00744159 0
12 0 NCT00819780 0
12 0 NCT00826579 0
12 0 NCT00846482 0
12 0 NCT00853931 0
12 0 NCT00860691 0
12 0 NCT00865527 0
12 0 NCT00866177 0
12 0 NCT00874263 0
12 0 NCT00880321 0
12 0 NCT00888134 1
12 0 NCT00896753 0
12 0 NCT00896896 0
12 0 NCT00897429 0
12 0 NCT00898781 0
12 0 NCT00898846 0
12 0 NCT00900432 0
12 0 NCT00918827 0
12 0 NCT00942461 0
12 0 NCT00952874 0
12 0 NCT00958737 0
12 0 NCT00959127 0
12 0 NCT00963352 0
12 0 NCT00973869 0
12 0 NCT00975897 0
12 0 NCT01005225 0
12 0 NCT01011478 0
12 0 NCT01037127 0
12 0 NCT01037790 0
12 0 NCT01038037 0
12 0 NCT01042743 0
12 0 NCT01048580 0
12 0 NCT01063231 0
12 0 NCT01072175 0
12 0 NCT01086267 2
12 0 NCT01092481 0
12 0 NCT01097018 0
12 0 NCT01097265 0
12 0 NCT01100840 0
12 0 NCT01107418 0
12 0 NCT01108107 0
12 0 NCT01110785 0
12 0 NCT01111604 0
12 0 NCT01112046 0
12 0 NCT01116271 2
12 0 NCT01124669 0
12 0 NCT01133132 0
12 0 NCT01136967 0
12 0 NCT01143753 1
12 0 NCT01150045 0
12 0 NCT01151007 0
12 0 NCT01153763 0
12 0 NCT01164215 0
12 0 NCT01166126 0
12 0 NCT01170754 0
12 0 NCT01187641 0
12 0 NCT01190462 0
12 0 NCT01198743 2
12 0 NCT01200303 0
12 0 NCT01203969 0
12 0 NCT01204099 0
12 0 NCT01225536 2
12 0 NCT01231568 2
12 0 NCT01231594 1
12 0 NCT01243372 0
12 0 NCT01245062 0
12 0 NCT01252550 0
12 0 NCT01254591 0
12 0 NCT01262963 0
12 0 NCT01263951 0
12 0 NCT01264380 0
12 0 NCT01266031 0
12 0 NCT01269060 0
12 0 NCT01271803 0
12 0 NCT01280643 0
12 0 NCT01284504 0
12 0 NCT01294072 0
12 0 NCT01306045 0
12 0 NCT01308840 0
12 0 NCT01310972 0
12 0 NCT01311050 0
12 0 NCT01313442 0
12 0 NCT01319890 0
12 0 NCT01320085 0
12 0 NCT01320267 0
12 0 NCT01326065 0
12 0 NCT01331083 0
12 0 NCT01336634 0
12 0 NCT01338558 0
12 0 NCT01340833 1
12 0 NCT01340846 1
12 0 NCT01358812 1
12 0 NCT01377025 0
12 0 NCT01390818 0
12 0 NCT01400451 0
12 0 NCT01417442 0
12 0 NCT01417520 0
12 0 NCT01418391 0
12 0 NCT01433809 0
12 0 NCT01436656 0
12 0 NCT01437618 2
12 0 NCT01442155 0
12 0 NCT01464918 0
12 0 NCT01479894 0
12 0 NCT01480128 0
12 0 NCT01483040 0
12 0 NCT01495988 0
12 0 NCT01512251 0
12 0 NCT01514864 0
12 0 NCT01534897 0
12 0 NCT01543113 0
12 0 NCT01543698 2
12 0 NCT01549535 0
12 0 NCT01562899 0
12 0 NCT01582997 1
12 0 NCT01584648 0
12 0 NCT01585415 0
12 0 NCT01586195 0
12 0 NCT01586403 0
12 0 NCT01588860 0
12 0 NCT01589900 0
12 0 NCT01593098 0
12 0 NCT01595217 0
12 0 NCT01597908 0
12 0 NCT01616199 0
12 0 NCT01620801 0
12 0 NCT01628250 0
12 0 NCT01640444 2
12 0 NCT01656642 0
12 0 NCT01662752 0
12 0 NCT01664494 0
12 0 NCT01667419 0
12 0 NCT01681472 0
12 0 NCT01682083 0
12 0 NCT01688232 0
12 0 NCT01689519 0
12 0 NCT01692951 0
12 0 NCT01700699 0
12 0 NCT01703910 0
12 0 NCT01704703 1
12 0 NCT01709292 0
12 0 NCT01719380 2
12 0 NCT01720758 0
12 0 NCT01723202 0
12 0 NCT01723969 0
12 0 NCT01726738 0
12 0 NCT01740648 0
12 0 NCT01741038 0
12 0 NCT01744171 0
12 0 NCT01744860 0
12 0 NCT01750918 2
12 0 NCT01754376 0
12 0 NCT01767454 0
12 0 NCT01781026 0
12 0 NCT01787500 1
12 0 NCT01791309 2
12 0 NCT01796028 0
12 0 NCT01802320 0
12 0 NCT01804140 0
12 0 NCT01804530 0
12 0 NCT01826396 0
12 0 NCT01831245 0
12 0 NCT01840527 0
12 0 NCT01861691 0
12 0 NCT01867697 0
12 0 NCT01876511 0
12 0 NCT01877811 0
12 0 NCT01882660 0
12 0 NCT01890213 0
12 0 NCT01895504 0
12 0 NCT01897116 0
12 0 NCT01902173 0
12 0 NCT01904968 0
12 0 NCT01909453 0
12 0 NCT01918527 0
12 0 NCT01919060 0
12 0 NCT01922583 0
12 0 NCT01928940 0
12 0 NCT01929499 0
12 0 NCT01942993 0
12 0 NCT01943786 0
12 0 NCT01947023 0
12 0 NCT01949194 2
12 0 NCT01961115 0
12 0 NCT01972347 0
12 0 NCT01972737 0
12 0 NCT01974258 1
12 0 NCT01978236 0
12 0 NCT01983098 0
12 0 NCT01989585 2
12 0 NCT01991847 0
12 0 NCT01995591 0
12 0 NCT01997684 0
12 0 NCT02008383 0
12 0 NCT02012231 0
12 0 NCT02014909 0
12 0 NCT02023710 0
12 0 NCT02027363 0
12 0 NCT02027961 0
12 0 NCT02034110 1
12 0 NCT02036086 0
12 0 NCT02041481 0
12 0 NCT02052908 0
12 0 NCT02065063 0
12 0 NCT02086656 0
12 0 NCT02097225 1
12 0 NCT02109653 0
12 0 NCT02130466 0
12 0 NCT02152995 0
12 0 NCT02162563 0
12 0 NCT02164149 0
12 0 NCT02164916 2
12 0 NCT02171286 0
12 0 NCT02172651 0
12 0 NCT02175095 0
12 0 NCT02178722 0
12 0 NCT02182466 0
12 0 NCT02188264 0
12 0 NCT02196181 0
12 0 NCT02215642 0
12 0 NCT02224781 0
12 0 NCT02228668 0
12 0 NCT02233205 0
12 0 NCT02250053 0
12 0 NCT02251314 0
12 0 NCT02263898 0
12 0 NCT02273336 0
12 0 NCT02274753 0
12 0 NCT02281760 0
12 0 NCT02301286 0
12 0 NCT02304666 0
12 0 NCT02304809 1
12 0 NCT02314871 0
12 0 NCT02316496 0
12 0 NCT02323724 0
12 0 NCT02324023 0
12 0 NCT02327078 2
12 0 NCT02331641 0
12 0 NCT02331914 0
12 0 NCT02346955 2
12 0 NCT02347280 0
12 0 NCT02354690 0
12 0 NCT02367859 0
12 0 NCT02399631 0
12 0 NCT02399943 0
12 0 NCT02404441 0
12 0 NCT02408887 0
12 0 NCT02413853 0
12 0 NCT02415829 0
12 0 NCT02416232 0
12 0 NCT02428712 0
12 0 NCT02448173 0
12 0 NCT02455245 0
12 0 NCT02466906 0
12 0 NCT02467582 0
12 0 NCT02484092 0
12 0 NCT02485561 0
12 0 NCT02503631 0
12 0 NCT02506153 0
12 0 NCT02508077 0
12 0 NCT02510118 0
12 0 NCT02512263 0
12 0 NCT02515344 0
12 0 NCT02521727 0
12 0 NCT02526836 0
12 0 NCT02530593 0
12 0 NCT02542670 0
12 0 NCT02557061 0
12 0 NCT02561533 0
12 0 NCT02567942 0
12 0 NCT02572141 0
12 0 NCT02578264 0
12 0 NCT02581930 0
12 0 NCT02587650 0
12 0 NCT02595645 0
12 0 NCT02595866 0
12 0 NCT02596113 2
12 0 NCT02597348 0
12 0 NCT02625272 0
12 0 NCT02631447 0
12 0 NCT02645149 0
12 0 NCT02663232 0
12 0 NCT02672358 0
12 0 NCT02688023 0
12 0 NCT02696525 0
12 0 NCT02724397 0
12 0 NCT02730702 0
12 0 NCT02736305 0
12 0 NCT02751177 1
12 0 NCT02777437 0
12 0 NCT02782351 0
12 0 NCT02784639 2
12 0 NCT02786602 2
12 0 NCT02788669 2
12 0 NCT02804815 0
12 0 NCT02827565 2
12 0 NCT02828202 0
12 0 NCT02836548 0
12 0 NCT02852915 0
12 0 NCT02857270 2
12 0 NCT02858921 0
12 0 NCT02860780 0
12 0 NCT02861430 0
12 0 NCT02882269 0
12 0 NCT02887365 0
12 0 NCT02902029 0
12 0 NCT02902042 0
12 0 NCT02906943 2
12 0 NCT02907606 0
12 0 NCT02912052 0
12 0 NCT02912559 0
12 0 NCT02913508 0
12 0 NCT02928224 2
12 0 NCT02938481 0
12 0 NCT02944188 0
12 0 NCT02948985 0
12 0 NCT02949440 0
12 0 NCT02949843 0
12 0 NCT02961283 2
12 0 NCT02967692 0
12 0 NCT02969681 0
12 0 NCT02974556 0
12 0 NCT02974725 0
12 0 NCT02978612 0
12 0 NCT02979470 0
12 0 NCT02980510 0
12 0 NCT02997241 0
12 0 NCT03002727 0
12 0 NCT03009227 0
12 0 NCT03074513 0
12 0 NCT03087071 0
12 0 NCT03088176 0
12 0 NCT03089268 0
12 0 NCT03097224 0
12 0 NCT03097900 0
12 0 NCT03101254 0
19 0 NCT00000428 0
19 0 NCT00001587 0
19 0 NCT00001693 0
19 0 NCT00002570 0
19 0 NCT00002650 0
19 0 NCT00002828 0
19 0 NCT00002854 0
19 0 NCT00002893 0
19 0 NCT00002997 0
19 0 NCT00003001 0
19 0 NCT00003260 0
19 0 NCT00003287 0
19 0 NCT00003360 0
19 0 NCT00003365 0
19 0 NCT00003441 0
19 0 NCT00003544 0
19 0 NCT00003594 0
19 0 NCT00003648 0
19 0 NCT00003704 0
19 0 NCT00003833 0
19 0 NCT00003834 0
19 0 NCT00003880 0
19 0 NCT00003995 0
19 0 NCT00004042 0
19 0 NCT00004210 0
19 0 NCT00004911 0
19 0 NCT00006103 0
19 0 NCT00007618 0
19 0 NCT00014079 0
19 0 NCT00019760 0
19 0 NCT00020267 0
19 0 NCT00021255 0
19 0 NCT00033358 0
19 0 NCT00033371 0
19 0 NCT00035087 0
19 0 NCT00044967 0
19 0 NCT00049296 0
19 0 NCT00062023 0
19 0 NCT00079066 0
19 0 NCT00087178 0
19 0 NCT00089999 0
19 0 NCT00101686 0
19 0 NCT00103311 0
19 0 NCT00111761 0
19 0 NCT00113763 0
19 0 NCT00116506 0
19 0 NCT00122187 0
19 0 NCT00125710 0
19 0 NCT00133913 0
19 0 NCT00140868 0
19 0 NCT00141466 0
19 0 NCT00145665 0
19 0 NCT00147134 0
19 0 NCT00153686 0
19 0 NCT00154102 0
19 0 NCT00155415 0
19 0 NCT00159432 0
19 0 NCT00161460 0
19 0 NCT00164723 0
19 0 NCT00166465 0
19 0 NCT00172159 0
19 0 NCT00172757 0
19 0 NCT00174096 0
19 0 NCT00182130 0
19 0 NCT00190515 0
19 0 NCT00197405 0
19 0 NCT00201331 0
19 0 NCT00209625 0
19 0 NCT00209651 0
19 0 NCT00220051 0
19 0 NCT00220142 0
19 0 NCT00220246 0
19 0 NCT00224601 0
19 0 NCT00230399 0
19 0 NCT00230646 0
19 0 NCT00233623 0
19 0 NCT00254137 0
19 0 NCT00262171 0
19 0 NCT00265356 0
19 0 NCT00265720 0
19 0 NCT00265850 0
19 0 NCT00272324 0
19 0 NCT00278889 0
19 0 NCT00309530 0
19 0 NCT00309543 0
19 0 NCT00313755 0
19 0 NCT00313937 0
19 0 NCT00321100 0
19 0 NCT00325871 0
19 0 NCT00326495 0
19 0 NCT00327119 0
19 0 NCT00327457 0
19 0 NCT00339469 0
19 0 NCT00339586 0
19 0 NCT00341575 0
19 0 NCT00345761 0
19 0 NCT00351572 0
19 0 NCT00361842 0
19 0 NCT00367796 0
19 0 NCT00385970 0
19 0 NCT00405561 0
19 0 NCT00411957 0
19 0 NCT00449241 0
19 0 NCT00450424 0
19 0 NCT00466505 0
19 0 NCT00467129 0
19 0 NCT00478634 0
19 0 NCT00485316 0
19 0 NCT00494611 0
19 0 NCT00495924 0
19 0 NCT00496405 0
19 0 NCT00496652 0
19 0 NCT00497107 0
19 0 NCT00499733 0
19 0 NCT00499850 0
19 0 NCT00501410 0
19 0 NCT00503737 0
19 0 NCT00507091 0
19 0 NCT00507598 0
19 0 NCT00508690 0
19 0 NCT00508846 0
19 0 NCT00516230 0
19 0 NCT00517192 0
19 0 NCT00558051 0
19 0 NCT00558233 0
19 0 NCT00564694 0
19 0 NCT00565708 0
19 0 NCT00566644 0
19 0 NCT00576563 0
19 0 NCT00579891 0
19 0 NCT00582335 0
19 0 NCT00582452 0
19 0 NCT00584298 0
19 0 NCT00594984 0
19 0 NCT00596843 0
19 0 NCT00631410 0
19 0 NCT00632515 0
19 0 NCT00633607 0
19 0 NCT00647530 0
19 0 NCT00655499 0
19 0 NCT00675636 0
19 0 NCT00685763 0
19 0 NCT00696345 0
19 0 NCT00700258 0
19 0 NCT00720993 0
19 0 NCT00727857 0
19 0 NCT00741481 0
19 0 NCT00748449 0
19 0 NCT00757965 0
19 0 NCT00790673 0
19 0 NCT00795301 0
19 0 NCT00812240 0
19 0 NCT00813605 0
19 0 NCT00835185 0
19 0 NCT00836277 0
19 0 NCT00838318 0
19 0 NCT00842257 0
19 0 NCT00846313 0
19 0 NCT00851045 0
19 0 NCT00852228 0
19 0 NCT00853203 0
19 0 NCT00856375 0
19 0 NCT00862784 0
19 0 NCT00874146 0
19 0 NCT00875771 0
19 0 NCT00879385 0
19 0 NCT00885235 0
19 0 NCT00891332 0
19 0 NCT00896896 0
19 0 NCT00898547 0
19 0 NCT00898768 0
19 0 NCT00905710 0
19 0 NCT00906997 0
19 0 NCT00910819 0
19 0 NCT00914017 0
19 0 NCT00928928 0
19 0 NCT00929097 0
19 0 NCT00934882 0
19 0 NCT00942461 0
19 0 NCT00950820 0
19 0 NCT00951379 0
19 0 NCT00951587 0
19 0 NCT00958971 0
19 0 NCT00961129 0
19 0 NCT00966667 0
19 0 NCT00970125 0
19 0 NCT00972465 0
19 0 NCT00973869 0
19 0 NCT00974610 1
19 0 NCT00975897 0
19 0 NCT00977613 0
19 0 NCT00979134 1
19 0 NCT01003600 0
19 0 NCT01004159 0
19 0 NCT01004224 2
19 0 NCT01005225 0
19 0 NCT01023984 0
19 0 NCT01028339 0
19 0 NCT01037790 0
19 0 NCT01039506 0
19 0 NCT01040000 0
19 0 NCT01048463 0
19 0 NCT01049776 0
19 0 NCT01056809 0
19 0 NCT01074333 0
19 0 NCT01075893 0
19 0 NCT01079780 0
19 0 NCT01085331 0
19 0 NCT01100840 0
19 0 NCT01102556 0
19 0 NCT01103323 0
19 0 NCT01105377 0
19 0 NCT01112046 0
19 0 NCT01134640 0
19 0 NCT01143285 0
19 0 NCT01147965 0
19 0 NCT01154335 0
19 0 NCT01165463 0
19 0 NCT01170754 0
19 0 NCT01172860 0
19 0 NCT01196130 0
19 0 NCT01198743 0
19 0 NCT01199250 0
19 0 NCT01202591 0
19 0 NCT01207895 0
19 0 NCT01221324 0
19 0 NCT01238965 0
19 0 NCT01241929 0
19 0 NCT01244022 0
19 0 NCT01252628 0
19 0 NCT01253668 0
19 0 NCT01274143 0
19 0 NCT01277120 0
19 0 NCT01279681 0
19 0 NCT01280643 0
19 0 NCT01283945 1
19 0 NCT01284504 0
19 0 NCT01287130 0
19 0 NCT01288339 0
19 0 NCT01292681 0
19 0 NCT01299493 0
19 0 NCT01304602 0
19 0 NCT01311050 0
19 0 NCT01318239 0
19 0 NCT01318447 0
19 0 NCT01320254 0
19 0 NCT01321853 0
19 0 NCT01344538 0
19 0 NCT01349296 0
19 0 NCT01356706 0
19 0 NCT01360931 0
19 0 NCT01367275 1
19 0 NCT01372189 0
19 0 NCT01377298 0
19 0 NCT01379534 0
19 0 NCT01380262 0
19 0 NCT01394939 0
19 0 NCT01409005 0
19 0 NCT01416688 0
19 0 NCT01416714 0
19 0 NCT01426490 0
19 0 NCT01427647 0
19 0 NCT01428752 0
19 0 NCT01436656 0
19 0 NCT01437826 0
19 0 NCT01440959 0
19 0 NCT01441219 0
19 0 NCT01441297 0
19 0 NCT01447199 0
19 0 NCT01456923 0
19 0 NCT01457846 0
19 0 NCT01461148 0
19 0 NCT01470586 0
19 0 NCT01472016 0
19 0 NCT01472770 0
19 0 NCT01476137 0
19 0 NCT01479465 0
19 0 NCT01484041 0
19 0 NCT01503372 0
19 0 NCT01504477 0
19 0 NCT01505400 0
19 0 NCT01507740 2
19 0 NCT01523340 0
19 0 NCT01524692 0
19 0 NCT01525940 0
19 0 NCT01531777 0
19 0 NCT01549067 0
19 0 NCT01550055 0
19 0 NCT01564810 0
19 0 NCT01587976 0
19 0 NCT01589900 0
19 0 NCT01593098 0
19 0 NCT01593995 0
19 0 NCT01594177 0
19 0 NCT01617915 0
19 0 NCT01638533 0
19 0 NCT01639326 0
19 0 NCT01641458 0
19 0 NCT01646112 0
19 0 NCT01657773 0
19 0 NCT01664494 0
19 0 NCT01669720 0
19 0 NCT01673607 0
19 0 NCT01675258 0
19 0 NCT01676714 1
19 0 NCT01697449 0
19 0 NCT01718873 0
19 0 NCT01719549 0
19 0 NCT01730118 0
19 0 NCT01736072 0
19 0 NCT01741116 0
19 0 NCT01752920 1
19 0 NCT01767870 0
19 0 NCT01774422 0
19 0 NCT01791387 0
19 0 NCT01791985 0
19 0 NCT01795768 0
19 0 NCT01801904 0
19 0 NCT01803009 0
19 0 NCT01812226 0
19 0 NCT01816438 0
19 0 NCT01823471 0
19 0 NCT01824901 0
19 0 NCT01830244 0
19 0 NCT01831726 0
19 0 NCT01832545 0
19 0 NCT01836653 0
19 0 NCT01846143 0
19 0 NCT01860144 0
19 0 NCT01861197 0
19 0 NCT01868022 0
19 0 NCT01877018 0
19 0 NCT01882660 0
19 0 NCT01885039 0
19 0 NCT01888965 1
19 0 NCT01900171 0
19 0 NCT01909362 0
19 0 NCT01912443 0
19 0 NCT01915472 0
19 0 NCT01925274 0
19 0 NCT01928459 0
19 0 NCT01935336 0
19 0 NCT01938300 0
19 0 NCT01943786 0
19 0 NCT01945164 0
19 0 NCT01948141 0
19 0 NCT01952730 0
19 0 NCT01975077 0
19 0 NCT01975701 0
19 0 NCT01983098 0
19 0 NCT01983371 0
19 0 NCT01985763 0
19 0 NCT01998009 0
19 0 NCT02002299 0
19 0 NCT02002416 0
19 0 NCT02005913 0
19 0 NCT02008383 0
19 0 NCT02008422 0
19 0 NCT02014831 0
19 0 NCT02022995 0
19 0 NCT02026583 0
19 0 NCT02026960 0
19 0 NCT02027363 0
19 0 NCT02034981 0
19 0 NCT02038283 0
19 0 NCT02043821 0
19 0 NCT02047188 0
19 0 NCT02052050 0
19 0 NCT02052778 1
19 0 NCT02053636 0
19 0 NCT02060669 0
19 0 NCT02068287 0
19 0 NCT02071069 0
19 0 NCT02076243 0
19 0 NCT02081742 0
19 0 NCT02083653 0
19 0 NCT02091141 0
19 0 NCT02102022 0
19 0 NCT02106806 0
19 0 NCT02109016 0
19 0 NCT02110329 0
19 0 NCT02112812 0
19 0 NCT02139475 0
19 0 NCT02142036 0
19 0 NCT02157454 0
19 0 NCT02164149 0
19 0 NCT02186236 0
19 0 NCT02187783 0
19 0 NCT02192541 0
19 0 NCT02196688 0
19 0 NCT02198092 0
19 0 NCT02198274 0
19 0 NCT02202746 0
19 0 NCT02215642 0
19 0 NCT02219607 0
19 0 NCT02233205 0
19 0 NCT02243267 0
19 0 NCT02248805 0
19 0 NCT02264496 0
19 0 NCT02265601 0
19 0 NCT02272998 2
19 0 NCT02274753 2
19 0 NCT02275910 1
19 0 NCT02299141 0
19 0 NCT02299596 0
19 0 NCT02301754 0
19 0 NCT02305758 0
19 0 NCT02314819 0
19 0 NCT02321813 0
19 0 NCT02323464 0
19 0 NCT02324023 0
19 0 NCT02324114 0
19 0 NCT02328365 0
19 0 NCT02337946 0
19 0 NCT02371135 0
19 0 NCT02373020 0
19 0 NCT02388919 0
19 0 NCT02393755 0
19 0 NCT02393833 0
19 0 NCT02394769 0
19 0 NCT02394834 2
19 0 NCT02436772 0
19 0 NCT02442583 0
19 0 NCT02450123 1
19 0 NCT02450136 1
19 0 NCT02450656 0
19 0 NCT02456285 0
19 0 NCT02458664 0
19 0 NCT02467582 0
19 0 NCT02499614 0
19 0 NCT02501551 0
19 0 NCT02502630 0
19 0 NCT02504411 0
19 0 NCT02515344 0
19 0 NCT02521727 0
19 0 NCT02522520 0
19 0 NCT02523911 0
19 0 NCT02531620 0
19 0 NCT02535988 0
19 0 NCT02537262 0
19 0 NCT02540850 0
19 0 NCT02546661 0
19 0 NCT02556281 0
19 0 NCT02558387 0
19 0 NCT02560194 0
19 0 NCT02560311 0
19 0 NCT02573519 0
19 0 NCT02575859 0
19 0 NCT02577341 0
19 0 NCT02579278 0
19 0 NCT02595645 0
19 0 NCT02596113 0
19 0 NCT02602938 0
19 0 NCT02611661 0
19 0 NCT02619162 0
19 0 NCT02623621 0
19 0 NCT02642458 0
19 0 NCT02647671 0
19 0 NCT02650375 0
19 0 NCT02657512 0
19 0 NCT02688023 0
19 0 NCT02691767 1
19 0 NCT02700555 0
19 0 NCT02701907 2
19 0 NCT02706301 0
19 0 NCT02706691 0
19 0 NCT02709551 0
19 0 NCT02711072 0
19 0 NCT02726243 0
19 0 NCT02727894 0
19 0 NCT02746224 0
19 0 NCT02747797 2
19 0 NCT02748772 1
19 0 NCT02771314 0
19 0 NCT02780284 0
19 0 NCT02780700 0
19 0 NCT02781337 0
19 0 NCT02784795 1
19 0 NCT02785146 0
19 0 NCT02788669 0
19 0 NCT02789709 0
19 0 NCT02795156 0
19 0 NCT02796820 0
19 0 NCT02812550 0
19 0 NCT02813278 0
19 0 NCT02814032 0
19 0 NCT02817178 0
19 0 NCT02824133 0
19 0 NCT02826837 0
19 0 NCT02829788 0
19 0 NCT02838394 0
19 0 NCT02842203 0
19 0 NCT02846766 1
19 0 NCT02853006 0
19 0 NCT02869503 0
19 0 NCT02870920 0
19 0 NCT02872623 0
19 0 NCT02873455 0
19 0 NCT02873975 0
19 0 NCT02874885 0
19 0 NCT02882269 0
19 0 NCT02912052 0
19 0 NCT02913508 0
19 0 NCT02918591 0
19 0 NCT02928120 0
19 0 NCT02943798 0
19 0 NCT02944864 0
19 0 NCT02946359 0
19 0 NCT02965248 0
19 0 NCT02965378 0
19 0 NCT02968511 0
19 0 NCT02976090 0
19 0 NCT02996838 0
19 0 NCT02997241 0
19 0 NCT03002727 0
19 0 NCT03011372 1
19 0 NCT03019276 0
19 0 NCT03039595 0
19 0 NCT03043313 0
19 0 NCT03045965 0
19 0 NCT03050814 0
19 0 NCT03061188 0
19 0 NCT03074513 0
19 0 NCT03084809 0
19 0 NCT03093129 0
19 0 NCT03096951 0
19 0 NCT03099330 0
19 0 NCT03104504 0
19 0 NCT03106155 0
23 0 NCT00000476 0
23 0 NCT00000516 0
23 0 NCT00000560 0
23 0 NCT00000607 0
23 0 NCT00002582 0
23 0 NCT00002900 0
23 0 NCT00003012 0
23 0 NCT00003577 0
23 0 NCT00003654 0
23 0 NCT00003678 0
23 0 NCT00003771 0
23 0 NCT00003893 0
23 0 NCT00004067 0
23 0 NCT00005079 0
23 0 NCT00008346 0
23 0 NCT00014612 0
23 0 NCT00016432 0
23 0 NCT00016549 0
23 0 NCT00020852 0
23 0 NCT00021255 0
23 0 NCT00021892 0
23 0 NCT00022087 0
23 0 NCT00023595 0
23 0 NCT00027118 0
23 0 NCT00028704 0
23 0 NCT00031720 0
23 0 NCT00032201 0
23 0 NCT00041431 0
23 0 NCT00046527 0
23 0 NCT00047970 0
23 0 NCT00052026 0
23 0 NCT00054418 0
23 0 NCT00060138 0
23 0 NCT00062751 0
23 0 NCT00068458 0
23 0 NCT00068614 0
23 0 NCT00070278 0
23 0 NCT00071968 0
23 0 NCT00073073 0
23 0 NCT00081003 0
23 0 NCT00083018 0
23 0 NCT00083733 2
23 0 NCT00083772 0
23 0 NCT00086749 0
23 0 NCT00090480 0
23 0 NCT00093795 0
23 0 NCT00094562 0
23 0 NCT00096668 0
23 0 NCT00118508 0
23 0 NCT00119262 0
23 0 NCT00122356 0
23 0 NCT00123747 0
23 0 NCT00126360 0
23 0 NCT00156052 0
23 0 NCT00156130 0
23 0 NCT00156728 0
23 0 NCT00161265 0
23 0 NCT00162565 0
23 0 NCT00167024 0
23 0 NCT00171314 0
23 0 NCT00171340 0
23 0 NCT00173407 0
23 0 NCT00174707 0
23 0 NCT00179309 0
23 0 NCT00201929 0
23 0 NCT00202059 0
23 0 NCT00206453 0
23 0 NCT00209001 0
23 0 NCT00212069 0
23 0 NCT00231829 0
23 0 NCT00233974 0
23 0 NCT00237354 0
23 0 NCT00238316 0
23 0 NCT00242346 0
23 0 NCT00244634 0
23 0 NCT00247975 0
23 0 NCT00254592 0
23 0 NCT00256217 0
23 0 NCT00263185 0
23 0 NCT00263302 0
23 0 NCT00270374 0
23 0 NCT00276120 2
23 0 NCT00291083 0
23 0 NCT00291694 0
23 0 NCT00304941 0
23 0 NCT00317720 0
23 0 NCT00319384 0
23 0 NCT00320541 0
23 0 NCT00348530 0
23 0 NCT00349011 0
23 0 NCT00350727 0
23 0 NCT00354900 0
23 0 NCT00355667 0
23 0 NCT00360958 0
23 0 NCT00374465 0
23 0 NCT00376688 0
23 0 NCT00387062 0
23 0 NCT00389649 0
23 0 NCT00399529 0
23 0 NCT00412412 0
23 0 NCT00418210 0
23 0 NCT00418938 0
23 0 NCT00426335 0
23 0 NCT00427245 0
23 0 NCT00429299 0
23 0 NCT00431795 0
23 0 NCT00433511 0
23 0 NCT00438477 0
23 0 NCT00445445 0
23 0 NCT00445562 0
23 0 NCT00450892 0
23 0 NCT00470119 0
23 0 NCT00478257 0
23 0 NCT00481754 0
23 0 NCT00490139 2
23 0 NCT00490646 0
23 0 NCT00499603 0
23 0 NCT00500734 0
23 0 NCT00509509 0
23 0 NCT00515086 0
23 0 NCT00517088 0
23 0 NCT00519168 0
23 0 NCT00523224 0
23 0 NCT00526279 0
23 0 NCT00534755 0
23 0 NCT00542451 0
23 0 NCT00544505 0
23 0 NCT00555503 0
23 0 NCT00557986 0
23 0 NCT00567606 0
23 0 NCT00573430 0
23 0 NCT00573495 0
23 0 NCT00573742 0
23 0 NCT00574366 2
23 0 NCT00579683 0
23 0 NCT00582322 0
23 0 NCT00586443 0
23 0 NCT00590785 0
23 0 NCT00597077 0
23 0 NCT00598845 0
23 0 NCT00610467 0
23 0 NCT00613730 0
23 0 NCT00620594 0
23 0 NCT00629538 0
23 0 NCT00630786 0
23 0 NCT00634309 0
23 0 NCT00634400 0
23 0 NCT00634712 0
23 0 NCT00636467 0
23 0 NCT00656604 0
23 0 NCT00657982 0
23 0 NCT00664339 0
23 0 NCT00666731 0
23 0 NCT00670644 0
23 0 NCT00679484 0
23 0 NCT00679874 0
23 0 NCT00680758 0
23 0 NCT00690521 0
23 0 NCT00690612 0
23 0 NCT00699361 0
23 0 NCT00712881 0
23 0 NCT00716885 0
23 0 NCT00721409 0
23 0 NCT00726661 0
23 0 NCT00736333 0
23 0 NCT00737243 0
23 0 NCT00739544 0
23 0 NCT00740532 2
23 0 NCT00749502 0
23 0 NCT00770107 0
23 0 NCT00770263 0
23 0 NCT00774371 0
23 0 NCT00776308 0
23 0 NCT00788489 0
23 0 NCT00792363 0
23 0 NCT00793338 0
23 0 NCT00796055 0
23 0 NCT00801476 0
23 0 NCT00804349 0
23 0 NCT00808041 0
23 0 NCT00813878 0
23 0 NCT00816530 0
23 0 NCT00817362 0
23 0 NCT00817531 0
23 0 NCT00820222 0
23 0 NCT00820352 0
23 0 NCT00826267 0
23 0 NCT00837889 0
23 0 NCT00842257 0
23 0 NCT00843531 0
23 0 NCT00849472 0
23 0 NCT00853931 0
23 0 NCT00861120 0
23 0 NCT00869206 0
23 0 NCT00870415 0
23 0 NCT00872677 0
23 0 NCT00874146 0
23 0 NCT00874458 0
23 0 NCT00875979 0
23 0 NCT00877773 1
23 0 NCT00885755 0
23 0 NCT00894504 0
23 0 NCT00896727 0
23 0 NCT00897091 0
23 0 NCT00897208 0
23 0 NCT00897338 0
23 0 NCT00897702 2
23 0 NCT00897728 2
23 0 NCT00898508 2
23 0 NCT00898898 2
23 0 NCT00898976 0
23 0 NCT00899197 0
23 0 NCT00899639 2
23 0 NCT00909506 0
23 0 NCT00909649 0
23 0 NCT00910884 0
23 0 NCT00914017 0
23 0 NCT00918892 0
23 0 NCT00923377 0
23 0 NCT00930579 0
23 0 NCT00932035 0
23 0 NCT00932373 0
23 0 NCT00941759 0
23 0 NCT00958555 0
23 0 NCT00965276 0
23 0 NCT00966888 0
23 0 NCT00971789 1
23 0 NCT00984490 0
23 0 NCT00985855 0
23 0 NCT00989638 0
23 0 NCT00998036 0
23 0 NCT01004666 0
23 0 NCT01008150 0
23 0 NCT01011933 0
23 0 NCT01013324 0
23 0 NCT01013506 2
23 0 NCT01016665 0
23 0 NCT01019512 0
23 0 NCT01025349 0
23 0 NCT01029925 0
23 0 NCT01031446 2
23 0 NCT01034033 1
23 0 NCT01042925 0
23 0 NCT01047787 0
23 0 NCT01052740 0
23 0 NCT01055912 0
23 0 NCT01074528 0
23 0 NCT01081600 0
23 0 NCT01081925 0
23 0 NCT01088893 0
23 0 NCT01089374 0
23 0 NCT01097278 0
23 0 NCT01100840 0
23 0 NCT01112839 0
23 0 NCT01116648 0
23 0 NCT01124227 0
23 0 NCT01127763 0
23 0 NCT01138085 0
23 0 NCT01152606 0
23 0 NCT01166581 0
23 0 NCT01166672 0
23 0 NCT01182519 0
23 0 NCT01185249 0
23 0 NCT01200251 0
23 0 NCT01202409 0
23 0 NCT01208467 0
23 0 NCT01217216 0
23 0 NCT01225328 0
23 0 NCT01226316 1
23 0 NCT01238250 0
23 0 NCT01245205 1
23 0 NCT01246050 0
23 0 NCT01247441 0
23 0 NCT01275677 0
23 0 NCT01275846 0
23 0 NCT01277757 0
23 0 NCT01279304 0
23 0 NCT01281163 0
23 0 NCT01283035 0
23 0 NCT01283789 0
23 0 NCT01288092 0
23 0 NCT01297452 0
23 0 NCT01299623 0
23 0 NCT01300962 0
23 0 NCT01305915 0
23 0 NCT01306045 0
23 0 NCT01312857 0
23 0 NCT01313039 0
23 0 NCT01315483 0
23 0 NCT01316809 0
23 0 NCT01319539 0
23 0 NCT01322893 0
23 0 NCT01339052 0
23 0 NCT01342302 0
23 0 NCT01344356 0
23 0 NCT01344837 0
23 0 NCT01351584 0
23 0 NCT01351974 0
23 0 NCT01365845 0
23 0 NCT01369407 0
23 0 NCT01377363 2
23 0 NCT01380925 0
23 0 NCT01384994 0
23 0 NCT01388621 0
23 0 NCT01390818 1
23 0 NCT01391806 0
23 0 NCT01403688 0
23 0 NCT01409226 0
23 0 NCT01411410 0
23 0 NCT01414439 0
23 0 NCT01416285 0
23 0 NCT01430572 0
23 0 NCT01430585 2
23 0 NCT01433809 0
23 0 NCT01434134 0
23 0 NCT01434420 2
23 0 NCT01439191 0
23 0 NCT01451580 0
23 0 NCT01451983 0
23 0 NCT01458067 0
23 0 NCT01459003 0
23 0 NCT01466244 0
23 0 NCT01466972 0
23 0 NCT01470209 0
23 0 NCT01482702 0
23 0 NCT01484483 0
23 0 NCT01485861 0
23 0 NCT01501604 1
23 0 NCT01501656 0
23 0 NCT01503190 0
23 0 NCT01512251 0
23 0 NCT01513356 0
23 0 NCT01514565 0
23 0 NCT01519479 0
23 0 NCT01520194 0
23 0 NCT01521676 0
23 0 NCT01529463 0
23 0 NCT01534455 0
23 0 NCT01542983 0
23 0 NCT01550380 0
23 0 NCT01551030 0
23 0 NCT01562288 0
23 0 NCT01570296 0
23 0 NCT01572727 2
23 0 NCT01575522 0
23 0 NCT01576666 0
23 0 NCT01587248 0
23 0 NCT01589601 0
23 0 NCT01589861 0
23 0 NCT01594177 0
23 0 NCT01595217 0
23 0 NCT01596530 2
23 0 NCT01608451 0
23 0 NCT01612338 0
23 0 NCT01619306 0
23 0 NCT01619514 0
23 0 NCT01633060 0
23 0 NCT01641562 0
23 0 NCT01668238 0
23 0 NCT01669265 0
23 0 NCT01672671 0
23 0 NCT01705340 2
23 0 NCT01723774 0
23 0 NCT01728506 0
23 0 NCT01737450 0
23 0 NCT01750918 0
23 0 NCT01758419 0
23 0 NCT01770353 0
23 0 NCT01772771 0
23 0 NCT01776008 0
23 0 NCT01785420 2
23 0 NCT01789684 0
23 0 NCT01791478 0
23 0 NCT01796847 0
23 0 NCT01802320 0
23 0 NCT01814150 0
23 0 NCT01816594 0
23 0 NCT01830504 0
23 0 NCT01840163 0
23 0 NCT01845519 0
23 0 NCT01855503 0
23 0 NCT01864733 0
23 0 NCT01866813 0
23 0 NCT01870726 0
23 0 NCT01871116 0
23 0 NCT01875367 0
23 0 NCT01881022 0
23 0 NCT01882218 0
23 0 NCT01884285 0
23 0 NCT01894711 0
23 0 NCT01896531 0
23 0 NCT01898312 0
23 0 NCT01906632 0
23 0 NCT01907529 0
23 0 NCT01918306 0
23 0 NCT01920061 0
23 0 NCT01923168 0
23 0 NCT01925378 0
23 0 NCT01932294 0
23 0 NCT01935973 0
23 0 NCT01939418 0
23 0 NCT01962688 0
23 0 NCT01964924 0
23 0 NCT01971515 0
23 0 NCT01977404 0
23 0 NCT01986569 0
23 0 NCT01989208 0
23 0 NCT01991340 0
23 0 NCT01992952 0
23 0 NCT01997866 0
23 0 NCT02003209 0
23 0 NCT02005926 0
23 0 NCT02006589 0
23 0 NCT02006602 0
23 0 NCT02038010 0
23 0 NCT02044926 0
23 0 NCT02052115 0
23 0 NCT02058381 0
23 0 NCT02067481 0
23 0 NCT02068092 0
23 0 NCT02080390 0
23 0 NCT02081612 0
23 0 NCT02084784 0
23 0 NCT02088684 0
23 0 NCT02099903 0
23 0 NCT02102282 0
23 0 NCT02128724 0
23 0 NCT02145559 0
23 0 NCT02148575 0
23 0 NCT02162667 0
23 0 NCT02162719 0
23 0 NCT02187991 0
23 0 NCT02189174 0
23 0 NCT02195076 0
23 0 NCT02199366 0
23 0 NCT02203513 0
23 0 NCT02204462 0
23 0 NCT02224807 0
23 0 NCT02228083 0
23 0 NCT02233205 0
23 0 NCT02252887 0
23 0 NCT02273973 0
23 0 NCT02286687 0
23 0 NCT02286778 0
23 0 NCT02298595 0
23 0 NCT02302742 0
23 0 NCT02306096 0
23 0 NCT02309177 0
23 0 NCT02310984 0
23 0 NCT02324062 0
23 0 NCT02324894 0
23 0 NCT02334891 0
23 0 NCT02343523 0
23 0 NCT02347722 0
23 0 NCT02362958 0
23 0 NCT02365714 0
23 0 NCT02368184 0
23 0 NCT02382237 0
23 0 NCT02387645 0
23 0 NCT02389673 0
23 0 NCT02393833 0
23 0 NCT02394470 0
23 0 NCT02396108 0
23 0 NCT02396433 0
23 0 NCT02401347 2
23 0 NCT02404844 2
23 0 NCT02419807 0
23 0 NCT02422641 0
23 0 NCT02424448 0
23 0 NCT02439489 1
23 0 NCT02440620 0
23 0 NCT02448771 0
23 0 NCT02449538 0
23 0 NCT02451735 0
23 0 NCT02457117 0
23 0 NCT02457910 0
23 0 NCT02461446 0
23 0 NCT02476045 0
23 0 NCT02485626 0
23 0 NCT02488967 0
23 0 NCT02506556 0
23 0 NCT02523417 0
23 0 NCT02536469 0
23 0 NCT02541435 0
23 0 NCT02547987 0
23 0 NCT02569125 0
23 0 NCT02573636 0
23 0 NCT02579057 0
23 0 NCT02581137 0
23 0 NCT02581956 0
23 0 NCT02608281 0
23 0 NCT02610413 0
23 0 NCT02610426 0
23 0 NCT02610439 0
23 0 NCT02612688 0
23 0 NCT02613923 0
23 0 NCT02615730 0
23 0 NCT02626858 0
23 0 NCT02644122 0
23 0 NCT02644382 0
23 0 NCT02654431 0
23 0 NCT02654457 0
23 0 NCT02658708 0
23 0 NCT02661100 0
23 0 NCT02664389 0
23 0 NCT02670668 0
23 0 NCT02675491 0
23 0 NCT02684318 1
23 0 NCT02688166 0
23 0 NCT02696525 0
23 0 NCT02699983 0
23 0 NCT02705859 0
23 0 NCT02721147 0
23 0 NCT02724501 0
23 0 NCT02743910 0
23 0 NCT02749019 0
23 0 NCT02750826 0
23 0 NCT02751710 0
23 0 NCT02761694 0
23 0 NCT02769364 0
23 0 NCT02771795 0
23 0 NCT02781116 0
23 0 NCT02790580 0
23 0 NCT02803593 0
23 0 NCT02814032 0
23 0 NCT02830464 0
23 0 NCT02833896 0
23 0 NCT02850419 0
23 0 NCT02860819 0
23 0 NCT02869607 0
23 0 NCT02876107 0
23 0 NCT02889874 0
23 0 NCT02893761 0
23 0 NCT02926547 0
23 0 NCT02940470 0
23 0 NCT02941614 0
23 0 NCT02949843 0
23 0 NCT02961283 0
23 0 NCT02969291 0
23 0 NCT02987959 0
23 0 NCT02991807 0
23 0 NCT03016338 0
23 0 NCT03032614 0
23 0 NCT03046524 0
23 0 NCT03065062 0
23 0 NCT03078166 0
23 0 NCT03087071 0
23 0 NCT03088059 0
23 0 NCT03102866 0
24 0 NCT00001238 0
24 0 NCT00001339 0
24 0 NCT00002466 0
24 0 NCT00002504 0
24 0 NCT00002667 0
24 0 NCT00002822 0
24 0 NCT00003002 0
24 0 NCT00003090 0
24 0 NCT00003117 0
24 0 NCT00003159 0
24 0 NCT00003231 0
24 0 NCT00003284 0
24 0 NCT00003329 0
24 0 NCT00003387 0
24 0 NCT00003491 0
24 0 NCT00003492 0
24 0 NCT00004048 0
24 0 NCT00004930 0
24 0 NCT00005850 0
24 0 NCT00006017 0
24 0 NCT00006019 0
24 0 NCT00006349 0
24 0 NCT00008255 0
24 0 NCT00018759 0
24 0 NCT00020007 0
24 0 NCT00020202 0
24 0 NCT00031785 0
24 0 NCT00036790 0
24 0 NCT00040560 0
24 0 NCT00040794 0
24 0 NCT00041808 0
24 0 NCT00050960 0
24 0 NCT00050973 0
24 0 NCT00054951 0
24 0 NCT00055575 0
24 0 NCT00058006 0
24 0 NCT00059605 0
24 0 NCT00062335 0
24 0 NCT00066690 0
24 0 NCT00067548 0
24 0 NCT00073398 0
24 0 NCT00077064 0
24 0 NCT00077324 0
24 0 NCT00079287 0
24 0 NCT00081302 0
24 0 NCT00088556 0
24 0 NCT00088933 0
24 0 NCT00090961 0
24 0 NCT00102505 0
24 0 NCT00108186 0
24 0 NCT00115739 0
24 0 NCT00148798 0
24 0 NCT00155116 0
24 0 NCT00166972 0
24 0 NCT00173524 0
24 0 NCT00173680 0
24 0 NCT00180856 0
24 0 NCT00184964 0
24 0 NCT00185913 0
24 0 NCT00186888 0
24 0 NCT00188162 0
24 0 NCT00193336 0
24 0 NCT00205426 0
24 0 NCT00212303 0
24 0 NCT00216983 0
24 0 NCT00217035 0
24 0 NCT00218179 0
24 0 NCT00224406 0
24 0 NCT00227708 0
24 0 NCT00234871 0
24 0 NCT00242723 0
24 0 NCT00252577 0
24 0 NCT00253383 0
24 0 NCT00253708 0
24 0 NCT00257179 0
24 0 NCT00260598 0
24 0 NCT00260871 0
24 0 NCT00263731 0
24 0 NCT00268489 0
24 0 NCT00268970 0
24 0 NCT00278772 0
24 0 NCT00301119 0
24 0 NCT00322556 0
24 0 NCT00323089 0
24 0 NCT00323869 0
24 0 NCT00340340 0
24 0 NCT00340405 0
24 0 NCT00340847 0
24 0 NCT00341835 0
24 0 NCT00343291 0
24 0 NCT00354523 0
24 0 NCT00363805 0
24 0 NCT00365105 0
24 0 NCT00365183 0
24 0 NCT00374426 0
24 0 NCT00376987 0
24 0 NCT00387348 0
24 0 NCT00390325 0
24 0 NCT00401778 0
24 0 NCT00402896 0
24 0 NCT00404365 0
24 0 NCT00406276 0
24 0 NCT00420732 0
24 0 NCT00433407 0
24 0 NCT00438204 0
24 0 NCT00444015 0
24 0 NCT00445549 0
24 0 NCT00450567 0
24 0 NCT00465595 0
24 0 NCT00471978 0
24 0 NCT00477919 0
24 0 NCT00481286 0
24 0 NCT00483639 0
24 0 NCT00487760 0
24 0 NCT00498251 0
24 0 NCT00504374 0
24 0 NCT00519805 0
24 0 NCT00526890 0
24 0 NCT00531076 0
24 0 NCT00533949 0
24 0 NCT00540280 0
24 0 NCT00546130 0
24 0 NCT00553462 0
24 0 NCT00563420 0
24 0 NCT00564070 0
24 0 NCT00566995 0
24 0 NCT00578084 0
24 0 NCT00579683 0
24 0 NCT00585195 0
24 0 NCT00586443 0
24 0 NCT00588445 0
24 0 NCT00610844 0
24 0 NCT00615758 0
24 0 NCT00627978 0
24 0 NCT00637065 0
24 0 NCT00639067 0
24 0 NCT00639964 0
24 0 NCT00643318 0
24 0 NCT00650897 0
24 0 NCT00655928 0
24 0 NCT00676507 0
24 0 NCT00677378 0
24 0 NCT00681512 0
24 0 NCT00690924 0
24 0 NCT00693836 0
24 0 NCT00694603 0
24 0 NCT00697268 0
24 0 NCT00709150 0
24 0 NCT00719758 0
24 0 NCT00733031 0
24 0 NCT00734890 0
24 0 NCT00737867 0
24 0 NCT00744081 0
24 0 NCT00746759 0
24 0 NCT00752076 0
24 0 NCT00752531 0
24 0 NCT00755573 0
24 0 NCT00763607 0
24 0 NCT00769652 0
24 0 NCT00807963 0
24 0 NCT00811369 0
24 0 NCT00842309 0
24 0 NCT00843726 0
24 0 NCT00863512 0
24 0 NCT00866294 0
24 0 NCT00869752 0
24 0 NCT00888511 0
24 0 NCT00890617 0
24 0 NCT00896467 0
24 0 NCT00897143 0
24 0 NCT00897234 0
24 0 NCT00898209 0
24 0 NCT00898313 0
24 0 NCT00899028 0
24 0 NCT00899756 0
24 0 NCT00905463 0
24 0 NCT00907504 0
24 0 NCT00917501 0
24 0 NCT00918203 0
24 0 NCT00922584 0
24 0 NCT00923247 0
24 0 NCT00923481 1
24 0 NCT00923884 0
24 0 NCT00923949 0
24 0 NCT00934076 0
24 0 NCT00943722 0
24 0 NCT00956852 0
24 0 NCT00958555 0
24 0 NCT00961415 0
24 0 NCT00970125 0
24 0 NCT00973427 0
24 0 NCT00978835 0
24 0 NCT00979888 0
24 0 NCT00985855 0
24 0 NCT00985998 0
24 0 NCT00998101 0
24 0 NCT01004510 0
24 0 NCT01009138 0
24 0 NCT01012401 0
24 0 NCT01014767 0
24 0 NCT01021449 0
24 0 NCT01023828 0
24 0 NCT01026467 0
24 0 NCT01039948 0
24 0 NCT01040312 0
24 0 NCT01049776 0
24 0 NCT01051037 0
24 0 NCT01056367 0
24 0 NCT01058811 0
24 0 NCT01070706 0
24 0 NCT01078883 0
24 0 NCT01090037 0
24 0 NCT01100840 0
24 0 NCT01116219 0
24 0 NCT01130285 0
24 0 NCT01130961 0
24 0 NCT01131234 0
24 0 NCT01140958 0
24 0 NCT01141686 0
24 0 NCT01141842 0
24 0 NCT01141946 0
24 0 NCT01143545 0
24 0 NCT01147211 0
24 0 NCT01147562 0
24 0 NCT01163058 0
24 0 NCT01172314 0
24 0 NCT01182519 0
24 0 NCT01192256 0
24 0 NCT01207986 0
24 0 NCT01210053 0
24 0 NCT01219725 0
24 0 NCT01223729 0
24 0 NCT01241929 0
24 0 NCT01248650 0
24 0 NCT01255059 0
24 0 NCT01258478 0
24 0 NCT01258868 0
24 0 NCT01300299 0
24 0 NCT01302808 0
24 0 NCT01309087 0
24 0 NCT01320397 0
24 0 NCT01324700 0
24 0 NCT01327404 0
24 0 NCT01327417 0
24 0 NCT01343914 0
24 0 NCT01345799 0
24 0 NCT01357304 0
24 0 NCT01360931 0
24 0 NCT01362842 0
24 0 NCT01372813 0
24 0 NCT01381627 0
24 0 NCT01383408 0
24 0 NCT01386203 0
24 0 NCT01392352 0
24 0 NCT01398124 0
24 0 NCT01399541 0
24 0 NCT01413737 0
24 0 NCT01416688 0
24 0 NCT01424709 0
24 0 NCT01424878 0
24 0 NCT01434342 0
24 0 NCT01440959 0
24 0 NCT01441297 0
24 0 NCT01443429 0
24 0 NCT01449461 0
24 0 NCT01452971 0
24 0 NCT01457469 0
24 0 NCT01458067 0
24 0 NCT01468324 0
24 0 NCT01470716 0
24 0 NCT01480141 0
24 0 NCT01487499 0
24 0 NCT01494883 0
24 0 NCT01498055 0
24 0 NCT01507753 0
24 0 NCT01522833 0
24 0 NCT01527981 0
24 0 NCT01528488 0
24 0 NCT01572948 0
24 0 NCT01580332 0
24 0 NCT01580579 0
24 0 NCT01585675 0
24 0 NCT01595217 0
24 0 NCT01605214 0
24 0 NCT01617915 0
24 0 NCT01619501 0
24 0 NCT01623102 0
24 0 NCT01629433 0
24 0 NCT01638533 0
24 0 NCT01639001 0
24 0 NCT01639508 1
24 0 NCT01642342 0
24 0 NCT01643811 0
24 0 NCT01660087 0
24 0 NCT01660984 0
24 0 NCT01663155 0
24 0 NCT01667562 0
24 0 NCT01670786 0
24 0 NCT01681485 0
24 0 NCT01684696 0
24 0 NCT01692951 0
24 0 NCT01700257 0
24 0 NCT01702883 0
24 0 NCT01703780 0
24 0 NCT01710319 0
24 0 NCT01714986 0
24 0 NCT01723800 0
24 0 NCT01725165 0
24 0 NCT01762709 0
24 0 NCT01773980 0
24 0 NCT01774526 0
24 0 NCT01774578 0
24 0 NCT01775943 0
24 0 NCT01776684 0
24 0 NCT01799395 0
24 0 NCT01799980 0
24 0 NCT01804530 1
24 0 NCT01811212 0
24 0 NCT01812291 0
24 0 NCT01813136 0
24 0 NCT01816984 0
24 0 NCT01823003 0
24 0 NCT01823094 0
24 0 NCT01824615 0
24 0 NCT01830426 0
24 0 NCT01831726 0
24 0 NCT01836679 0
24 0 NCT01846143 0
24 0 NCT01852838 0
24 0 NCT01854866 0
24 0 NCT01855763 0
24 0 NCT01858922 0
24 0 NCT01865903 0
24 0 NCT01871805 0
24 0 NCT01877811 0
24 0 NCT01880957 0
24 0 NCT01881906 0
24 0 NCT01885754 0
24 0 NCT01914120 0
24 0 NCT01914458 0
24 0 NCT01922583 1
24 0 NCT01924416 0
24 0 NCT01928836 0
24 0 NCT01930474 1
24 0 NCT01932229 0
24 0 NCT01939496 0
24 0 NCT01940237 0
24 0 NCT01945021 0
24 0 NCT01949259 0
24 0 NCT01955343 0
24 0 NCT01963533 0
24 0 NCT01963923 0
24 0 NCT01964157 0
24 0 NCT01967823 0
24 0 NCT01970865 0
24 0 NCT01972386 0
24 0 NCT01972750 0
24 0 NCT01977209 0
24 0 NCT01982149 0
24 0 NCT01982955 0
24 0 NCT01993550 0
24 0 NCT01998425 0
24 0 NCT01999621 0
24 0 NCT02019979 0
24 0 NCT02024113 0
24 0 NCT02027259 0
24 0 NCT02034097 0
24 0 NCT02034981 0
24 0 NCT02040870 0
24 0 NCT02041468 0
24 0 NCT02048488 1
24 0 NCT02054078 0
24 0 NCT02057172 0
24 0 NCT02063633 0
24 0 NCT02070497 0
24 0 NCT02081118 0
24 0 NCT02084823 0
24 0 NCT02097810 1
24 0 NCT02109549 0
24 0 NCT02114658 0
24 0 NCT02122731 0
24 0 NCT02122913 1
24 0 NCT02143687 0
24 0 NCT02145013 0
24 0 NCT02150616 0
24 0 NCT02161419 0
24 0 NCT02164461 0
24 0 NCT02182830 0
24 0 NCT02186236 0
24 0 NCT02195076 0
24 0 NCT02197286 0
24 0 NCT02202655 0
24 0 NCT02210702 0
24 0 NCT02219711 1
24 0 NCT02228811 1
24 0 NCT02259218 0
24 0 NCT02268734 0
24 0 NCT02274337 0
24 0 NCT02279433 1
24 0 NCT02281214 0
24 0 NCT02292485 0
24 0 NCT02296125 0
24 0 NCT02299505 0
24 0 NCT02303041 0
24 0 NCT02305914 0
24 0 NCT02314364 0
24 0 NCT02321046 0
24 0 NCT02323464 0
24 0 NCT02331056 0
24 0 NCT02335944 0
24 0 NCT02351232 0
24 0 NCT02357992 0
24 0 NCT02373917 0
24 0 NCT02388074 0
24 0 NCT02405273 0
24 0 NCT02431962 0
24 0 NCT02437760 0
24 0 NCT02442349 0
24 0 NCT02445183 0
24 0 NCT02465060 0
24 0 NCT02473497 0
24 0 NCT02474355 0
24 0 NCT02475720 0
24 0 NCT02480751 0
24 0 NCT02485652 0
24 0 NCT02493114 0
24 0 NCT02500927 0
24 0 NCT02501668 0
24 0 NCT02502929 0
24 0 NCT02503722 0
24 0 NCT02504801 0
24 0 NCT02515760 0
24 0 NCT02519972 0
24 0 NCT02529995 0
24 0 NCT02540499 0
24 0 NCT02540824 0
24 0 NCT02542137 0
24 0 NCT02544633 0
24 0 NCT02549261 0
24 0 NCT02568267 2
24 0 NCT02576431 2
24 0 NCT02583282 0
24 0 NCT02586350 0
24 0 NCT02586922 0
24 0 NCT02587650 0
24 0 NCT02595450 0
24 0 NCT02595840 0
24 0 NCT02603003 0
24 0 NCT02611570 0
24 0 NCT02612532 0
24 0 NCT02616393 0
24 0 NCT02619448 0
24 0 NCT02623127 0
24 0 NCT02624310 0
24 0 NCT02625168 0
24 0 NCT02630615 0
24 0 NCT02637687 0
24 0 NCT02645318 0
24 0 NCT02650401 0
24 0 NCT02657369 0
24 0 NCT02657460 0
24 0 NCT02666755 0
24 0 NCT02669433 0
24 0 NCT02675257 0
24 0 NCT02675491 1
24 0 NCT02676050 0
24 0 NCT02687997 0
24 0 NCT02688036 0
24 0 NCT02701374 0
24 0 NCT02716311 0
24 0 NCT02728492 0
24 0 NCT02733107 0
24 0 NCT02740894 0
24 0 NCT02741791 0
24 0 NCT02743598 0
24 0 NCT02747953 0
24 0 NCT02754388 0
24 0 NCT02755454 0
24 0 NCT02757092 0
24 0 NCT02764606 0
24 0 NCT02771470 0
24 0 NCT02771743 0
24 0 NCT02777567 0
24 0 NCT02786589 0
24 0 NCT02788669 0
24 0 NCT02793713 0
24 0 NCT02803619 0
24 0 NCT02804217 0
24 0 NCT02805062 0
24 0 NCT02805530 0
24 0 NCT02824094 0
24 0 NCT02833467 0
24 0 NCT02835066 0
24 0 NCT02846662 0
24 0 NCT02853006 0
24 0 NCT02860936 0
24 0 NCT02865187 0
24 0 NCT02877966 0
24 0 NCT02879994 0
24 0 NCT02888366 0
24 0 NCT02889666 0
24 0 NCT02895503 0
24 0 NCT02899754 0
24 0 NCT02906150 0
24 0 NCT02911259 0
24 0 NCT02920996 2
24 0 NCT02929290 0
24 0 NCT02936947 0
24 0 NCT02942043 0
24 0 NCT02943096 0
24 0 NCT02943265 0
24 0 NCT02946216 0
24 0 NCT02946359 0
24 0 NCT02949843 0
24 0 NCT02950337 0
24 0 NCT02954809 0
24 0 NCT02954991 0
24 0 NCT02965391 0
24 0 NCT02973321 0
24 0 NCT02978521 0
24 0 NCT02989974 0
24 0 NCT02990481 0
24 0 NCT03002233 0
24 0 NCT03023813 0
24 0 NCT03025360 1
24 0 NCT03026426 0
24 0 NCT03027284 0
24 0 NCT03029325 0
24 0 NCT03037385 0
24 0 NCT03043248 0
24 0 NCT03044626 0
24 0 NCT03044795 0
24 0 NCT03057340 0
24 0 NCT03066297 0
24 0 NCT03066661 2
24 0 NCT03067662 0
24 0 NCT03072407 0
24 0 NCT03081741 0
24 0 NCT03084692 0
24 0 NCT03085771 0
24 0 NCT03088930 0
24 0 NCT03090815 0
24 0 NCT03093116 1
27 0 NCT00001431 0
27 0 NCT00001827 0
27 0 NCT00002773 0
27 0 NCT00003591 2
27 0 NCT00003677 0
27 0 NCT00003769 0
27 0 NCT00005832 0
27 0 NCT00006467 0
27 0 NCT00010062 0
27 0 NCT00010088 0
27 0 NCT00019084 1
27 0 NCT00027521 0
27 0 NCT00052689 0
27 0 NCT00075452 0
27 0 NCT00079274 0
27 0 NCT00079365 0
27 0 NCT00084383 0
27 0 NCT00085371 0
27 0 NCT00112580 0
27 0 NCT00116389 0
27 0 NCT00118365 0
27 0 NCT00154791 0
27 0 NCT00201305 0
27 0 NCT00201838 0
27 0 NCT00203892 0
27 0 NCT00255827 0
27 0 NCT00260871 0
27 0 NCT00305760 0
27 0 NCT00326495 0
27 0 NCT00336700 0
27 0 NCT00367679 0
27 0 NCT00369460 0
27 0 NCT00377936 0
27 0 NCT00386399 0
27 0 NCT00389610 0
27 0 NCT00393029 1
27 0 NCT00397384 0
27 0 NCT00406445 0
27 0 NCT00409292 0
27 0 NCT00415454 0
27 0 NCT00419614 0
27 0 NCT00419627 0
27 0 NCT00429858 0
27 0 NCT00438906 0
27 0 NCT00444678 0
27 0 NCT00470535 0
27 0 NCT00487851 0
27 0 NCT00495924 0
27 0 NCT00497224 0
27 0 NCT00503685 0
27 0 NCT00544193 0
27 0 NCT00550836 2
27 0 NCT00560963 0
27 0 NCT00569387 0
27 0 NCT00580021 0
27 0 NCT00585078 0
27 0 NCT00587132 0
27 0 NCT00588367 0
27 0 NCT00600002 0
27 0 NCT00614601 0
27 0 NCT00644254 0
27 0 NCT00657995 0
27 0 NCT00661648 0
27 0 NCT00661882 0
27 0 NCT00679952 0
27 0 NCT00681798 0
27 0 NCT00687622 1
27 0 NCT00721266 0
27 0 NCT00728000 0
27 0 NCT00743379 0
27 0 NCT00744640 0
27 0 NCT00755534 0
27 0 NCT00779454 0
27 0 NCT00788957 0
27 0 NCT00792363 0
27 0 NCT00804310 0
27 0 NCT00813605 0
27 0 NCT00819780 0
27 0 NCT00827684 0
27 0 NCT00835679 0
27 0 NCT00837135 0
27 0 NCT00841035 0
27 0 NCT00841191 0
27 0 NCT00842257 0
27 0 NCT00853931 0
27 0 NCT00869050 0
27 0 NCT00869258 0
27 0 NCT00894504 0
27 0 NCT00897741 0
27 0 NCT00897832 0
27 0 NCT00898781 0
27 0 NCT00899132 0
27 0 NCT00900003 0
27 0 NCT00900016 0
27 0 NCT00900328 0
27 0 NCT00912717 0
27 0 NCT00918853 0
27 0 NCT00933777 0
27 0 NCT00936104 0
27 0 NCT00947102 0
27 0 NCT00950820 0
27 0 NCT00955773 0
27 0 NCT00956007 0
27 0 NCT00956280 0
27 0 NCT00967291 0
27 0 NCT00973193 0
27 0 NCT00975897 0
27 0 NCT00987766 0
27 0 NCT00996892 0
27 0 NCT00998322 0
27 0 NCT01008475 0
27 0 NCT01010945 0
27 0 NCT01011933 0
27 0 NCT01013649 0
27 0 NCT01016483 0
27 0 NCT01021800 0
27 0 NCT01023828 0
27 0 NCT01032291 0
27 0 NCT01037790 0
27 0 NCT01042535 0
27 0 NCT01045941 0
27 0 NCT01050283 0
27 0 NCT01064622 0
27 0 NCT01065805 0
27 0 NCT01065870 0
27 0 NCT01068132 0
27 0 NCT01078662 0
27 0 NCT01088815 0
27 0 NCT01094535 0
27 0 NCT01094561 0
27 0 NCT01094600 0
27 0 NCT01094626 0
27 0 NCT01102569 0
27 0 NCT01103128 0
27 0 NCT01104129 0
27 0 NCT01106599 0
27 0 NCT01108458 0
27 0 NCT01109615 0
27 0 NCT01129167 0
27 0 NCT01134666 0
27 0 NCT01139944 0
27 0 NCT01144455 0
27 0 NCT01151007 0
27 0 NCT01152437 0
27 0 NCT01161186 0
27 0 NCT01161316 0
27 0 NCT01188109 0
27 0 NCT01188785 2
27 0 NCT01191684 1
27 0 NCT01192165 0
27 0 NCT01198535 0
27 0 NCT01198743 0
27 0 NCT01202409 0
27 0 NCT01204372 2
27 0 NCT01206296 0
27 0 NCT01219829 0
27 0 NCT01226719 0
27 0 NCT01229813 0
27 0 NCT01240304 0
27 0 NCT01243762 0
27 0 NCT01255917 0
27 0 NCT01274455 0
27 0 NCT01276613 0
27 0 NCT01278368 0
27 0 NCT01288339 0
27 0 NCT01309126 0
27 0 NCT01315548 0
27 0 NCT01320254 0
27 0 NCT01337765 2
27 0 NCT01342224 0
27 0 NCT01344837 0
27 0 NCT01347866 1
27 0 NCT01350908 0
27 0 NCT01351038 0
27 0 NCT01352273 1
27 0 NCT01359007 0
27 0 NCT01360593 0
27 0 NCT01360931 0
27 0 NCT01362296 0
27 0 NCT01362582 0
27 0 NCT01362790 0
27 0 NCT01363232 1
27 0 NCT01365169 0
27 0 NCT01369420 0
27 0 NCT01383538 0
27 0 NCT01386502 1
27 0 NCT01387880 0
27 0 NCT01389414 0
27 0 NCT01389440 0
27 0 NCT01390818 0
27 0 NCT01394120 2
27 0 NCT01412957 0
27 0 NCT01419002 0
27 0 NCT01427946 0
27 0 NCT01430052 0
27 0 NCT01442935 0
27 0 NCT01443377 0
27 0 NCT01443468 0
27 0 NCT01455610 0
27 0 NCT01456585 0
27 0 NCT01461915 0
27 0 NCT01470209 0
27 0 NCT01470417 0
27 0 NCT01472198 0
27 0 NCT01474564 0
27 0 NCT01479465 0
27 0 NCT01487785 0
27 0 NCT01497457 0
27 0 NCT01506973 2
27 0 NCT01523639 0
27 0 NCT01558869 0
27 0 NCT01562899 2
27 0 NCT01564810 0
27 0 NCT01565343 0
27 0 NCT01576666 0
27 0 NCT01584830 0
27 0 NCT01585805 0
27 0 NCT01586611 0
27 0 NCT01587534 0
27 0 NCT01588860 0
27 0 NCT01598584 0
27 0 NCT01606748 0
27 0 NCT01615653 0
27 0 NCT01624467 0
27 0 NCT01642342 0
27 0 NCT01643499 0
27 0 NCT01646697 0
27 0 NCT01660711 0
27 0 NCT01674556 0
27 0 NCT01693419 2
27 0 NCT01696903 0
27 0 NCT01699698 0
27 0 NCT01703650 0
27 0 NCT01703910 0
27 0 NCT01726582 0
27 0 NCT01728818 0
27 0 NCT01730222 0
27 0 NCT01737255 0
27 0 NCT01744353 0
27 0 NCT01746979 0
27 0 NCT01758549 0
27 0 NCT01760252 0
27 0 NCT01760525 0
27 0 NCT01764659 0
27 0 NCT01765036 0
27 0 NCT01774162 0
27 0 NCT01774526 0
27 0 NCT01781728 0
27 0 NCT01787500 1
27 0 NCT01802320 0
27 0 NCT01814501 0
27 0 NCT01829217 0
27 0 NCT01834170 0
27 0 NCT01836432 0
27 0 NCT01839799 0
27 0 NCT01845805 0
27 0 NCT01859026 0
27 0 NCT01867918 0
27 0 NCT01871311 0
27 0 NCT01877382 0
27 0 NCT01896869 0
27 0 NCT01900327 0
27 0 NCT01921751 0
27 0 NCT01933932 0
27 0 NCT01934634 0
27 0 NCT01935973 0
27 0 NCT01942629 1
27 0 NCT01943786 0
27 0 NCT01951690 0
27 0 NCT01981525 0
27 0 NCT01983098 0
27 0 NCT01983410 0
27 0 NCT01989624 0
27 0 NCT01991223 0
27 0 NCT02000089 0
27 0 NCT02023021 0
27 0 NCT02024607 0
27 0 NCT02024633 0
27 0 NCT02028377 0
27 0 NCT02028806 0
27 0 NCT02039336 0
27 0 NCT02039388 0
27 0 NCT02042378 0
27 0 NCT02045589 0
27 0 NCT02045602 0
27 0 NCT02048267 0
27 0 NCT02062697 0
27 0 NCT02071862 0
27 0 NCT02072616 0
27 0 NCT02077062 0
27 0 NCT02078232 0
27 0 NCT02079740 1
27 0 NCT02087176 0
27 0 NCT02101021 0
27 0 NCT02101775 0
27 0 NCT02103062 0
27 0 NCT02113046 0
27 0 NCT02117258 0
27 0 NCT02123381 0
27 0 NCT02124317 0
27 0 NCT02124369 0
27 0 NCT02133079 0
27 0 NCT02138383 0
27 0 NCT02140723 0
27 0 NCT02150746 0
27 0 NCT02162823 0
27 0 NCT02171286 0
27 0 NCT02174887 0
27 0 NCT02179970 0
27 0 NCT02194829 0
27 0 NCT02202785 0
27 0 NCT02206360 0
27 0 NCT02207985 0
27 0 NCT02215044 0
27 0 NCT02230553 0
27 0 NCT02231723 0
27 0 NCT02239432 0
27 0 NCT02259114 0
27 0 NCT02261714 0
27 0 NCT02264613 0
27 0 NCT02274753 0
27 0 NCT02277834 0
27 0 NCT02278458 0
27 0 NCT02281214 0
27 0 NCT02285855 0
27 0 NCT02289326 0
27 0 NCT02289898 0
27 0 NCT02309177 0
27 0 NCT02309632 0
27 0 NCT02324543 0
27 0 NCT02333188 0
27 0 NCT02333409 0
27 0 NCT02335151 0
27 0 NCT02340117 2
27 0 NCT02345408 0
27 0 NCT02374411 0
27 0 NCT02380443 0
27 0 NCT02387645 0
27 0 NCT02395016 2
27 0 NCT02405585 0
27 0 NCT02428270 0
27 0 NCT02432963 0
27 0 NCT02436564 0
27 0 NCT02436668 0
27 0 NCT02446093 0
27 0 NCT02448329 0
27 0 NCT02449655 0
27 0 NCT02450656 0
27 0 NCT02451384 0
27 0 NCT02459041 0
27 0 NCT02461836 0
27 0 NCT02462460 0
27 0 NCT02468557 0
27 0 NCT02478892 0
27 0 NCT02494388 0
27 0 NCT02514421 0
27 0 NCT02518256 0
27 0 NCT02550327 0
27 0 NCT02551991 0
27 0 NCT02555813 0
27 0 NCT02556281 0
27 0 NCT02562716 0
27 0 NCT02562898 0
27 0 NCT02575508 0
27 0 NCT02576444 1
27 0 NCT02579278 0
27 0 NCT02581501 1
27 0 NCT02589496 0
27 0 NCT02592395 0
27 0 NCT02595424 0
27 0 NCT02595645 0
27 0 NCT02596113 0
27 0 NCT02600949 0
27 0 NCT02612285 1
27 0 NCT02620423 0
27 0 NCT02620800 0
27 0 NCT02626520 0
27 0 NCT02642042 0
27 0 NCT02646462 0
27 0 NCT02648724 0
27 0 NCT02654288 0
27 0 NCT02688907 0
27 0 NCT02703571 1
27 0 NCT02707315 0
27 0 NCT02707328 0
27 0 NCT02713373 0
27 0 NCT02718430 0
27 0 NCT02723331 0
27 0 NCT02726854 0
27 0 NCT02736578 0
27 0 NCT02739633 0
27 0 NCT02743923 0
27 0 NCT02745847 0
27 0 NCT02749136 0
27 0 NCT02750657 0
27 0 NCT02751177 0
27 0 NCT02754180 0
27 0 NCT02756611 0
27 0 NCT02775461 0
27 0 NCT02775786 0
27 0 NCT02781012 0
27 0 NCT02784639 0
27 0 NCT02786602 0
27 0 NCT02787187 0
27 0 NCT02788669 0
27 0 NCT02790944 0
27 0 NCT02806687 0
27 0 NCT02810730 0
27 0 NCT02818829 0
27 0 NCT02826486 0
27 0 NCT02827565 0
27 0 NCT02827617 0
27 0 NCT02842203 0
27 0 NCT02847000 0
27 0 NCT02853006 0
27 0 NCT02862743 0
27 0 NCT02885727 0
27 0 NCT02893085 0
27 0 NCT02896946 0
27 0 NCT02898857 0
27 0 NCT02905578 0
27 0 NCT02906943 0
27 0 NCT02910882 0
27 0 NCT02934984 0
27 0 NCT02942095 0
27 0 NCT02942706 0
27 0 NCT02951897 0
27 0 NCT02953782 1
27 0 NCT02959164 0
27 0 NCT02964689 0
27 0 NCT02965950 0
27 0 NCT02974725 0
27 0 NCT02974764 0
27 0 NCT02975141 0
27 0 NCT02975752 0
27 0 NCT02977702 0
27 0 NCT02978547 0
27 0 NCT02979483 0
27 0 NCT02985125 0
27 0 NCT02993731 0
27 0 NCT02999893 0
27 0 NCT03000374 0
27 0 NCT03003078 0
27 0 NCT03006302 0
27 0 NCT03009253 0
27 0 NCT03015467 0
27 0 NCT03030209 0
27 0 NCT03033927 0
27 0 NCT03040986 1
27 0 NCT03041688 0
27 0 NCT03042442 0
27 0 NCT03058588 0
27 0 NCT03063203 0
27 0 NCT03063554 0
27 0 NCT03065985 0
27 0 NCT03076216 0
27 0 NCT03076502 0
27 0 NCT03077685 0
27 0 NCT03079440 0
27 0 NCT03080974 0
27 0 NCT03096054 0
30 0 NCT00001431 0
30 0 NCT00001827 0
30 0 NCT00003025 0
30 0 NCT00003591 0
30 0 NCT00003677 0
30 0 NCT00003769 0
30 0 NCT00005603 0
30 0 NCT00005832 0
30 0 NCT00005843 0
30 0 NCT00006467 0
30 0 NCT00010062 0
30 0 NCT00010088 0
30 0 NCT00019084 2
30 0 NCT00027521 0
30 0 NCT00047307 0
30 0 NCT00052689 0
30 0 NCT00075452 0
30 0 NCT00079274 0
30 0 NCT00079365 0
30 0 NCT00084383 0
30 0 NCT00085371 0
30 0 NCT00110110 0
30 0 NCT00112580 0
30 0 NCT00112658 0
30 0 NCT00116389 0
30 0 NCT00118365 0
30 0 NCT00143715 0
30 0 NCT00154791 0
30 0 NCT00179920 0
30 0 NCT00186888 0
30 0 NCT00201305 0
30 0 NCT00201838 0
30 0 NCT00203892 0
30 0 NCT00260871 0
30 0 NCT00305760 2
30 0 NCT00326495 0
30 0 NCT00336232 0
30 0 NCT00336700 2
30 0 NCT00342797 0
30 0 NCT00363038 0
30 0 NCT00367679 0
30 0 NCT00369460 0
30 0 NCT00377936 0
30 0 NCT00386399 0
30 0 NCT00389610 0
30 0 NCT00393029 1
30 0 NCT00397384 0
30 0 NCT00406445 0
30 0 NCT00409292 0
30 0 NCT00415454 0
30 0 NCT00419614 0
30 0 NCT00419627 0
30 0 NCT00429858 0
30 0 NCT00432445 0
30 0 NCT00438906 0
30 0 NCT00444678 0
30 0 NCT00470535 2
30 0 NCT00487851 0
30 0 NCT00495924 0
30 0 NCT00497224 0
30 0 NCT00503685 0
30 0 NCT00514163 0
30 0 NCT00544193 0
30 0 NCT00550836 2
30 0 NCT00560963 0
30 0 NCT00569387 0
30 0 NCT00582049 0
30 0 NCT00585078 0
30 0 NCT00587132 0
30 0 NCT00588367 0
30 0 NCT00600002 0
30 0 NCT00614601 0
30 0 NCT00620295 0
30 0 NCT00644254 0
30 0 NCT00645632 0
30 0 NCT00657995 0
30 0 NCT00660582 0
30 0 NCT00661648 0
30 0 NCT00661882 0
30 0 NCT00681798 0
30 0 NCT00687622 0
30 0 NCT00690300 0
30 0 NCT00690469 0
30 0 NCT00690807 0
30 0 NCT00714701 0
30 0 NCT00718783 0
30 0 NCT00721266 0
30 0 NCT00728000 0
30 0 NCT00743379 0
30 0 NCT00744640 0
30 0 NCT00755534 0
30 0 NCT00779454 0
30 0 NCT00786006 0
30 0 NCT00788957 0
30 0 NCT00792363 0
30 0 NCT00804310 0
30 0 NCT00813605 0
30 0 NCT00819780 0
30 0 NCT00827684 0
30 0 NCT00835679 0
30 0 NCT00837135 0
30 0 NCT00841035 0
30 0 NCT00841191 0
30 0 NCT00842257 2
30 0 NCT00853931 0
30 0 NCT00869050 0
30 0 NCT00869258 2
30 0 NCT00894504 0
30 0 NCT00897481 0
30 0 NCT00897741 0
30 0 NCT00897832 0
30 0 NCT00898781 0
30 0 NCT00899132 0
30 0 NCT00900003 0
30 0 NCT00900016 0
30 0 NCT00900094 0
30 0 NCT00900328 0
30 0 NCT00901238 0
30 0 NCT00912717 0
30 0 NCT00918853 0
30 0 NCT00931437 0
30 0 NCT00933777 0
30 0 NCT00936104 0
30 0 NCT00947102 0
30 0 NCT00950820 2
30 0 NCT00955773 0
30 0 NCT00967291 0
30 0 NCT00975897 0
30 0 NCT00987766 0
30 0 NCT00998322 0
30 0 NCT01008475 0
30 0 NCT01010945 0
30 0 NCT01011933 0
30 0 NCT01013649 0
30 0 NCT01016483 0
30 0 NCT01021800 0
30 0 NCT01023828 0
30 0 NCT01029873 0
30 0 NCT01037790 0
30 0 NCT01042535 0
30 0 NCT01045941 0
30 0 NCT01050283 0
30 0 NCT01052428 0
30 0 NCT01064622 0
30 0 NCT01065805 0
30 0 NCT01065870 2
30 0 NCT01068132 0
30 0 NCT01072981 0
30 0 NCT01085331 0
30 0 NCT01088815 0
30 0 NCT01094535 0
30 0 NCT01094561 0
30 0 NCT01094600 0
30 0 NCT01094626 0
30 0 NCT01102569 0
30 0 NCT01103128 2
30 0 NCT01104129 0
30 0 NCT01106599 0
30 0 NCT01108458 0
30 0 NCT01109615 0
30 0 NCT01128023 0
30 0 NCT01129167 0
30 0 NCT01134666 0
30 0 NCT01144455 0
30 0 NCT01151007 0
30 0 NCT01152437 0
30 0 NCT01161186 0
30 0 NCT01161316 0
30 0 NCT01188109 0
30 0 NCT01188785 0
30 0 NCT01191684 2
30 0 NCT01192165 2
30 0 NCT01198535 0
30 0 NCT01198743 0
30 0 NCT01202409 0
30 0 NCT01204372 2
30 0 NCT01206296 0
30 0 NCT01215539 0
30 0 NCT01219829 0
30 0 NCT01226719 0
30 0 NCT01229813 0
30 0 NCT01232647 0
30 0 NCT01240304 0
30 0 NCT01243762 0
30 0 NCT01274455 0
30 0 NCT01276613 0
30 0 NCT01278368 0
30 0 NCT01281761 0
30 0 NCT01288339 0
30 0 NCT01309126 0
30 0 NCT01313416 0
30 0 NCT01315548 0
30 0 NCT01320254 0
30 0 NCT01337765 0
30 0 NCT01342224 0
30 0 NCT01344837 0
30 0 NCT01347866 0
30 0 NCT01350908 0
30 0 NCT01351038 0
30 0 NCT01352273 0
30 0 NCT01360593 0
30 0 NCT01360931 0
30 0 NCT01362582 0
30 0 NCT01362790 0
30 0 NCT01363232 0
30 0 NCT01365169 0
30 0 NCT01383538 0
30 0 NCT01387880 0
30 0 NCT01389414 1
30 0 NCT01389440 0
30 0 NCT01390818 0
30 0 NCT01394120 2
30 0 NCT01412957 0
30 0 NCT01419002 0
30 0 NCT01427946 0
30 0 NCT01430052 0
30 0 NCT01442935 0
30 0 NCT01443377 0
30 0 NCT01443468 0
30 0 NCT01450319 0
30 0 NCT01455610 0
30 0 NCT01456585 0
30 0 NCT01470209 0
30 0 NCT01472198 0
30 0 NCT01474564 0
30 0 NCT01479465 0
30 0 NCT01487785 0
30 0 NCT01497457 0
30 0 NCT01506973 0
30 0 NCT01523639 0
30 0 NCT01558869 0
30 0 NCT01560663 0
30 0 NCT01562899 0
30 0 NCT01564810 0
30 0 NCT01576666 0
30 0 NCT01584830 0
30 0 NCT01585805 0
30 0 NCT01586611 0
30 0 NCT01587534 0
30 0 NCT01588860 0
30 0 NCT01598584 0
30 0 NCT01606748 0
30 0 NCT01615653 0
30 0 NCT01624467 0
30 0 NCT01642342 0
30 0 NCT01643499 0
30 0 NCT01646697 0
30 0 NCT01651013 2
30 0 NCT01652976 0
30 0 NCT01660711 0
30 0 NCT01674556 0
30 0 NCT01693419 0
30 0 NCT01696903 0
30 0 NCT01699698 0
30 0 NCT01703650 0
30 0 NCT01703910 0
30 0 NCT01715142 0
30 0 NCT01726582 0
30 0 NCT01728818 0
30 0 NCT01730222 0
30 0 NCT01737255 0
30 0 NCT01746979 0
30 0 NCT01760252 0
30 0 NCT01760525 0
30 0 NCT01764659 0
30 0 NCT01765036 0
30 0 NCT01774162 0
30 0 NCT01781728 0
30 0 NCT01783171 0
30 0 NCT01783535 0
30 0 NCT01787500 0
30 0 NCT01802320 0
30 0 NCT01814501 0
30 0 NCT01829217 0
30 0 NCT01834170 0
30 0 NCT01836432 0
30 0 NCT01839799 0
30 0 NCT01845805 0
30 0 NCT01859026 0
30 0 NCT01867918 0
30 0 NCT01871311 0
30 0 NCT01877083 0
30 0 NCT01877382 0
30 0 NCT01899066 0
30 0 NCT01900327 0
30 0 NCT01906814 0
30 0 NCT01907607 0
30 0 NCT01925378 0
30 0 NCT01933932 0
30 0 NCT01934634 0
30 0 NCT01935973 0
30 0 NCT01942629 1
30 0 NCT01943786 0
30 0 NCT01951690 0
30 0 NCT01981525 0
30 0 NCT01983098 0
30 0 NCT01983410 0
30 0 NCT01989000 0
30 0 NCT01989624 0
30 0 NCT02023021 0
30 0 NCT02024607 0
30 0 NCT02024633 0
30 0 NCT02028377 0
30 0 NCT02039336 0
30 0 NCT02039388 0
30 0 NCT02045589 0
30 0 NCT02045602 0
30 0 NCT02047500 0
30 0 NCT02062697 0
30 0 NCT02070705 0
30 0 NCT02071862 0
30 0 NCT02072616 2
30 0 NCT02078232 0
30 0 NCT02079740 2
30 0 NCT02087176 0
30 0 NCT02101021 0
30 0 NCT02101775 0
30 0 NCT02103062 0
30 0 NCT02113046 0
30 0 NCT02117258 0
30 0 NCT02123381 0
30 0 NCT02124317 0
30 0 NCT02124369 0
30 0 NCT02125136 0
30 0 NCT02133079 0
30 0 NCT02135822 0
30 0 NCT02137928 0
30 0 NCT02140723 0
30 0 NCT02142803 0
30 0 NCT02150746 0
30 0 NCT02164916 0
30 0 NCT02166190 0
30 0 NCT02171286 0
30 0 NCT02174887 0
30 0 NCT02179970 0
30 0 NCT02193724 0
30 0 NCT02194829 0
30 0 NCT02202785 0
30 0 NCT02203838 0
30 0 NCT02207985 0
30 0 NCT02215044 0
30 0 NCT02230553 2
30 0 NCT02231723 0
30 0 NCT02239432 0
30 0 NCT02255461 0
30 0 NCT02259114 2
30 0 NCT02264613 0
30 0 NCT02274753 0
30 0 NCT02277834 0
30 0 NCT02278458 0
30 0 NCT02285855 0
30 0 NCT02289326 2
30 0 NCT02289898 0
30 0 NCT02304458 0
30 0 NCT02309177 0
30 0 NCT02319486 0
30 0 NCT02324543 0
30 0 NCT02333188 0
30 0 NCT02333409 0
30 0 NCT02335151 0
30 0 NCT02340117 2
30 0 NCT02345408 0
30 0 NCT02366481 0
30 0 NCT02374411 0
30 0 NCT02380443 0
30 0 NCT02387645 0
30 0 NCT02395016 2
30 0 NCT02405585 0
30 0 NCT02428270 0
30 0 NCT02432963 2
30 0 NCT02436668 0
30 0 NCT02446093 0
30 0 NCT02448329 0
30 0 NCT02449655 0
30 0 NCT02450656 0
30 0 NCT02451384 0
30 0 NCT02459041 0
30 0 NCT02461836 0
30 0 NCT02462460 0
30 0 NCT02468557 0
30 0 NCT02487095 0
30 0 NCT02494388 0
30 0 NCT02501902 0
30 0 NCT02514421 0
30 0 NCT02518256 0
30 0 NCT02550327 0
30 0 NCT02551991 0
30 0 NCT02556281 2
30 0 NCT02562716 0
30 0 NCT02562898 0
30 0 NCT02575508 0
30 0 NCT02576444 1
30 0 NCT02579278 0
30 0 NCT02589496 0
30 0 NCT02592395 0
30 0 NCT02595424 0
30 0 NCT02595645 0
30 0 NCT02596113 0
30 0 NCT02600949 0
30 0 NCT02612285 0
30 0 NCT02620423 0
30 0 NCT02620800 0
30 0 NCT02624973 0
30 0 NCT02642042 2
30 0 NCT02645149 0
30 0 NCT02646462 0
30 0 NCT02648724 0
30 0 NCT02651844 0
30 0 NCT02654288 0
30 0 NCT02688907 0
30 0 NCT02703571 2
30 0 NCT02707315 0
30 0 NCT02707328 0
30 0 NCT02713373 0
30 0 NCT02718430 0
30 0 NCT02723331 0
30 0 NCT02736578 0
30 0 NCT02739633 0
30 0 NCT02743923 0
30 0 NCT02745847 0
30 0 NCT02749136 0
30 0 NCT02750657 0
30 0 NCT02751177 2
30 0 NCT02754180 0
30 0 NCT02775461 0
30 0 NCT02775786 0
30 0 NCT02781012 0
30 0 NCT02784639 0
30 0 NCT02786602 0
30 0 NCT02787187 0
30 0 NCT02788669 0
30 0 NCT02790944 2
30 0 NCT02806648 2
30 0 NCT02806687 0
30 0 NCT02808884 0
30 0 NCT02818829 0
30 0 NCT02823093 0
30 0 NCT02826486 0
30 0 NCT02827565 0
30 0 NCT02827617 0
30 0 NCT02838966 0
30 0 NCT02842203 0
30 0 NCT02847000 2
30 0 NCT02853006 0
30 0 NCT02862743 0
30 0 NCT02885727 0
30 0 NCT02890355 0
30 0 NCT02893085 2
30 0 NCT02896946 0
30 0 NCT02898857 0
30 0 NCT02905578 0
30 0 NCT02906943 0
30 0 NCT02910882 0
30 0 NCT02934984 0
30 0 NCT02942095 0
30 0 NCT02942706 0
30 0 NCT02951897 0
30 0 NCT02953782 0
30 0 NCT02955524 0
30 0 NCT02959164 0
30 0 NCT02959762 0
30 0 NCT02964689 0
30 0 NCT02965950 0
30 0 NCT02974725 2
30 0 NCT02974764 0
30 0 NCT02975141 0
30 0 NCT02975752 0
30 0 NCT02977702 0
30 0 NCT02978547 2
30 0 NCT02979483 0
30 0 NCT02985125 0
30 0 NCT02993731 0
30 0 NCT03000374 0
30 0 NCT03003078 0
30 0 NCT03006302 0
30 0 NCT03009253 0
30 0 NCT03033927 0
30 0 NCT03040986 2
30 0 NCT03042442 0
30 0 NCT03058588 0
30 0 NCT03063203 0
30 0 NCT03063554 0
30 0 NCT03065985 0
30 0 NCT03076216 0
30 0 NCT03077685 0
30 0 NCT03079440 0
30 0 NCT03080974 0
