3 0 NCT00001403 1
3 0 NCT00001565 0
3 0 NCT00002485 0
3 0 NCT00002490 0
3 0 NCT00002647 0
3 0 NCT00002960 0
3 0 NCT00002965 0
3 0 NCT00002999 0
3 0 NCT00003292 0
3 0 NCT00003461 0
3 0 NCT00003483 0
3 0 NCT00003484 0
3 0 NCT00003590 0
3 0 NCT00003878 0
3 0 NCT00003893 0
3 0 NCT00003911 0
3 0 NCT00004483 1
3 0 NCT00004688 0
3 0 NCT00005583 0
3 0 NCT00006119 0
3 0 NCT00008008 0
3 0 NCT00010049 0
3 0 NCT00015899 0
3 0 NCT00017160 0
3 0 NCT00025675 0
3 0 NCT00028912 0
3 0 NCT00030043 1
3 0 NCT00034697 0
3 0 NCT00037882 0
3 0 NCT00045110 0
3 0 NCT00045734 0
3 0 NCT00046527 0
3 0 NCT00048633 0
3 0 NCT00058526 0
3 0 NCT00061373 0
3 0 NCT00085475 0
3 0 NCT00104936 0
3 0 NCT00106210 0
3 0 NCT00119171 0
3 0 NCT00124280 0
3 0 NCT00126503 0
3 0 NCT00136513 0
3 0 NCT00136578 0
3 0 NCT00169520 0
3 0 NCT00179907 0
3 0 NCT00304083 0
3 0 NCT00339300 0
3 0 NCT00339352 0
3 0 NCT00340496 1
3 0 NCT00342836 0
3 0 NCT00348790 0
3 0 NCT00352755 0
3 0 NCT00354913 0
3 0 NCT00367471 0
3 0 NCT00387400 0
3 0 NCT00418899 0
3 0 NCT00423150 0
3 0 NCT00492089 0
3 0 NCT00493818 0
3 0 NCT00498381 0
3 0 NCT00499798 0
3 0 NCT00517959 0
3 0 NCT00530907 0
3 0 NCT00531076 0
3 0 NCT00540943 0
3 0 NCT00544284 0
3 0 NCT00551447 0
3 0 NCT00551876 0
3 0 NCT00586443 0
3 0 NCT00589056 0
3 0 NCT00589784 0
3 0 NCT00592865 0
3 0 NCT00598351 1
3 0 NCT00626652 0
3 0 NCT00626730 0
3 0 NCT00671710 0
3 0 NCT00694837 0
3 0 NCT00699491 0
3 0 NCT00701324 0
3 0 NCT00706810 0
3 0 NCT00760591 0
3 0 NCT00764985 0
3 0 NCT00779584 0
3 0 NCT00788125 0
3 0 NCT00813592 0
3 0 NCT00831545 0
3 0 NCT00832598 0
3 0 NCT00859040 0
3 0 NCT00863122 0
3 0 NCT00866489 0
3 0 NCT00871520 0
3 0 NCT00895622 0
3 0 NCT00897663 0
3 0 NCT00897988 0
3 0 NCT00904735 0
3 0 NCT00911248 1
3 0 NCT00921037 0
3 0 NCT00923481 0
3 0 NCT00939770 0
3 0 NCT00945230 0
3 0 NCT00954512 0
3 0 NCT00965276 0
3 0 NCT00972335 0
3 0 NCT00973739 1
3 0 NCT00985036 0
3 0 NCT00988065 0
3 0 NCT01006161 0
3 0 NCT01011933 0
3 0 NCT01017133 0
3 0 NCT01019434 0
3 0 NCT01024946 0
3 0 NCT01062399 0
3 0 NCT01068145 0
3 0 NCT01075373 0
3 0 NCT01117168 0
3 0 NCT01117844 0
3 0 NCT01125046 0
3 0 NCT01137331 0
3 0 NCT01147211 0
3 0 NCT01166321 0
3 0 NCT01180491 0
3 0 NCT01187199 0
3 0 NCT01189513 0
3 0 NCT01207687 1
3 0 NCT01212237 0
3 0 NCT01222728 1
3 0 NCT01226316 1
3 0 NCT01235897 0
3 0 NCT01259622 0
3 0 NCT01266954 0
3 0 NCT01271192 0
3 0 NCT01277757 0
3 0 NCT01312857 0
3 0 NCT01319539 0
3 0 NCT01324635 0
3 0 NCT01345136 1
3 0 NCT01353781 0
3 0 NCT01363154 0
3 0 NCT01400958 0
3 0 NCT01412892 0
3 0 NCT01416714 0
3 0 NCT01419639 1
3 0 NCT01445106 0
3 0 NCT01473095 0
3 0 NCT01474174 0
3 0 NCT01478269 0
3 0 NCT01490476 1
3 0 NCT01538095 0
3 0 NCT01585389 0
3 0 NCT01593579 0
3 0 NCT01673737 0
3 0 NCT01685801 0
3 0 NCT01736267 0
3 0 NCT01745081 0
3 0 NCT01762046 0
3 0 NCT01767792 1
3 0 NCT01789060 0
3 0 NCT01795300 0
3 0 NCT01811212 0
3 0 NCT01811524 0
3 0 NCT01849484 0
3 0 NCT01850225 0
3 0 NCT01864291 0
3 0 NCT01880749 2
3 0 NCT01885767 1
3 0 NCT01892397 0
3 0 NCT01915576 1
3 0 NCT01939418 0
3 0 NCT01941602 0
3 0 NCT01977651 0
3 0 NCT02001974 0
3 0 NCT02008019 0
3 0 NCT02018874 0
3 0 NCT02034799 0
3 0 NCT02055859 0
3 0 NCT02071017 0
3 0 NCT02084927 0
3 0 NCT02104323 0
3 0 NCT02129647 0
3 0 NCT02142803 0
3 0 NCT02201602 0
3 0 NCT02234050 0
3 0 NCT02246231 0
3 0 NCT02248116 0
3 0 NCT02255461 0
3 0 NCT02267928 0
3 0 NCT02274753 0
3 0 NCT02282917 2
3 0 NCT02298270 0
3 0 NCT02300675 0
3 0 NCT02310399 0
3 0 NCT02333565 0
3 0 NCT02352844 1
3 0 NCT02387645 0
3 0 NCT02423603 0
3 0 NCT02451215 0
3 0 NCT02454647 0
3 0 NCT02476955 0
3 0 NCT02523014 2
3 0 NCT02549989 0
3 0 NCT02551055 0
3 0 NCT02569125 0
3 0 NCT02589912 0
3 0 NCT02594215 0
3 0 NCT02594709 0
3 0 NCT02595645 0
3 0 NCT02613208 0
3 0 NCT02615730 0
3 0 NCT02646319 0
3 0 NCT02648997 0
3 0 NCT02688881 0
3 0 NCT02692898 0
3 0 NCT02693990 0
3 0 NCT02706392 0
3 0 NCT02727530 0
3 0 NCT02750371 0
3 0 NCT02761694 1
3 0 NCT02811718 0
3 0 NCT02819479 0
3 0 NCT02831257 2
3 0 NCT02847559 0
3 0 NCT02849990 0
3 0 NCT02859155 0
3 0 NCT02863484 0
3 0 NCT02905604 0
3 0 NCT02929797 0
3 0 NCT02933736 0
3 0 NCT02934256 0
3 0 NCT02947984 0
3 0 NCT02949284 0
3 0 NCT02973256 0
3 0 NCT02974127 0
3 0 NCT02978677 0
3 0 NCT02984202 0
3 0 NCT03001349 0
3 0 NCT03013387 0
3 0 NCT03015701 0
3 0 NCT03016091 0
3 0 NCT03017521 1
3 0 NCT03028246 0
3 0 NCT03052738 0
3 0 NCT03062449 0
3 0 NCT03071874 0
3 0 NCT03079999 0
3 0 NCT03095248 2
8 0 NCT00001110 0
8 0 NCT00001238 0
8 0 NCT00002667 0
8 0 NCT00002822 0
8 0 NCT00003002 0
8 0 NCT00003090 0
8 0 NCT00003159 0
8 0 NCT00003284 0
8 0 NCT00003329 0
8 0 NCT00003692 0
8 0 NCT00006017 0
8 0 NCT00006055 0
8 0 NCT00019201 0
8 0 NCT00020007 0
8 0 NCT00020202 0
8 0 NCT00024076 0
8 0 NCT00031785 0
8 0 NCT00040794 0
8 0 NCT00041756 0
8 0 NCT00050960 0
8 0 NCT00050973 0
8 0 NCT00058006 0
8 0 NCT00061347 0
8 0 NCT00062335 0
8 0 NCT00066404 0
8 0 NCT00073385 0
8 0 NCT00073398 0
8 0 NCT00075517 0
8 0 NCT00077064 0
8 0 NCT00088933 0
8 0 NCT00090961 0
8 0 NCT00102505 0
8 0 NCT00105677 0
8 0 NCT00110812 0
8 0 NCT00123747 0
8 0 NCT00155116 0
8 0 NCT00160472 0
8 0 NCT00173680 0
8 0 NCT00178230 0
8 0 NCT00178256 0
8 0 NCT00180856 0
8 0 NCT00183820 0
8 0 NCT00184964 0
8 0 NCT00185913 0
8 0 NCT00188162 0
8 0 NCT00199849 0
8 0 NCT00218179 0
8 0 NCT00222651 0
8 0 NCT00224406 0
8 0 NCT00242723 0
8 0 NCT00263731 0
8 0 NCT00294801 0
8 0 NCT00301119 0
8 0 NCT00305617 0
8 0 NCT00310219 0
8 0 NCT00314548 0
8 0 NCT00323089 0
8 0 NCT00323869 0
8 0 NCT00326495 0
8 0 NCT00340340 0
8 0 NCT00340405 0
8 0 NCT00343291 0
8 0 NCT00363805 0
8 0 NCT00365183 0
8 0 NCT00393393 0
8 0 NCT00406276 0
8 0 NCT00412776 0
8 0 NCT00420732 0
8 0 NCT00433407 0
8 0 NCT00438204 0
8 0 NCT00450567 0
8 0 NCT00466752 0
8 0 NCT00471393 0
8 0 NCT00471978 0
8 0 NCT00483015 0
8 0 NCT00483639 0
8 0 NCT00487760 0
8 0 NCT00521287 0
8 0 NCT00528450 0
8 0 NCT00531076 0
8 0 NCT00533949 0
8 0 NCT00546130 0
8 0 NCT00547651 0
8 0 NCT00569985 0
8 0 NCT00579215 0
8 0 NCT00579683 0
8 0 NCT00585195 1
8 0 NCT00620399 0
8 0 NCT00621049 0
8 0 NCT00621075 0
8 0 NCT00655928 0
8 0 NCT00662038 0
8 0 NCT00681512 0
8 0 NCT00693836 0
8 0 NCT00726037 0
8 0 NCT00733252 0
8 0 NCT00736398 0
8 0 NCT00746759 0
8 0 NCT00752076 0
8 0 NCT00752531 0
8 0 NCT00754923 0
8 0 NCT00769652 0
8 0 NCT00823498 0
8 0 NCT00826033 0
8 0 NCT00831454 0
8 0 NCT00856388 0
8 0 NCT00862173 0
8 0 NCT00863512 0
8 0 NCT00897143 0
8 0 NCT00897234 0
8 0 NCT00897533 0
8 0 NCT00897650 0
8 0 NCT00898209 0
8 0 NCT00899132 0
8 0 NCT00900328 0
8 0 NCT00905463 0
8 0 NCT00918203 0
8 0 NCT00923884 1
8 0 NCT00924209 0
8 0 NCT00932451 2
8 0 NCT00932893 0
8 0 NCT00939770 0
8 0 NCT00948207 0
8 0 NCT00956852 0
8 0 NCT00958321 0
8 0 NCT00965731 0
8 0 NCT00973427 0
8 0 NCT00974610 0
8 0 NCT00997724 0
8 0 NCT01004510 0
8 0 NCT01004731 0
8 0 NCT01008891 0
8 0 NCT01012401 0
8 0 NCT01023828 0
8 0 NCT01026025 0
8 0 NCT01026467 0
8 0 NCT01035463 0
8 0 NCT01040312 0
8 0 NCT01049776 0
8 0 NCT01050036 0
8 0 NCT01051934 0
8 0 NCT01057043 0
8 0 NCT01058811 0
8 0 NCT01059552 0
8 0 NCT01079481 0
8 0 NCT01100840 0
8 0 NCT01121588 2
8 0 NCT01124864 2
8 0 NCT01130285 0
8 0 NCT01131234 0
8 0 NCT01134406 0
8 0 NCT01140958 0
8 0 NCT01141686 0
8 0 NCT01141842 0
8 0 NCT01141946 0
8 0 NCT01143545 0
8 0 NCT01154140 2
8 0 NCT01163058 0
8 0 NCT01188889 0
8 0 NCT01192256 0
8 0 NCT01203579 0
8 0 NCT01207986 0
8 0 NCT01228435 2
8 0 NCT01229150 0
8 0 NCT01237171 0
8 0 NCT01249443 0
8 0 NCT01255150 0
8 0 NCT01257308 0
8 0 NCT01258868 0
8 0 NCT01269398 0
8 0 NCT01300429 0
8 0 NCT01306045 0
8 0 NCT01310465 0
8 0 NCT01320397 0
8 0 NCT01321281 0
8 0 NCT01336920 0
8 0 NCT01337037 0
8 0 NCT01343173 0
8 0 NCT01354860 0
8 0 NCT01360931 0
8 0 NCT01365754 0
8 0 NCT01383408 0
8 0 NCT01385722 0
8 0 NCT01386203 0
8 0 NCT01389739 0
8 0 NCT01392352 0
8 0 NCT01399541 0
8 0 NCT01409122 0
8 0 NCT01434784 0
8 0 NCT01441128 2
8 0 NCT01449461 2
8 0 NCT01452971 0
8 0 NCT01454102 0
8 0 NCT01454804 0
8 0 NCT01458067 0
8 0 NCT01465854 0
8 0 NCT01487499 0
8 0 NCT01494883 0
8 0 NCT01500824 2
8 0 NCT01522820 0
8 0 NCT01522833 0
8 0 NCT01533233 0
8 0 NCT01546233 0
8 0 NCT01562015 2
8 0 NCT01564836 0
8 0 NCT01574300 0
8 0 NCT01579994 2
8 0 NCT01580332 0
8 0 NCT01580579 0
8 0 NCT01585675 0
8 0 NCT01595217 0
8 0 NCT01596374 0
8 0 NCT01605214 0
8 0 NCT01610570 0
8 0 NCT01619501 0
8 0 NCT01620853 0
8 0 NCT01625234 1
8 0 NCT01628198 0
8 0 NCT01631136 0
8 0 NCT01631526 0
8 0 NCT01637597 2
8 0 NCT01638533 0
8 0 NCT01639001 2
8 0 NCT01642342 0
8 0 NCT01654081 1
8 0 NCT01660087 0
8 0 NCT01662635 0
8 0 NCT01663155 0
8 0 NCT01666860 0
8 0 NCT01666977 0
8 0 NCT01668511 0
8 0 NCT01670786 0
8 0 NCT01699217 0
8 0 NCT01700400 0
8 0 NCT01700582 2
8 0 NCT01703338 0
8 0 NCT01703780 0
8 0 NCT01708954 0
8 0 NCT01710319 0
8 0 NCT01725165 0
8 0 NCT01761890 0
8 0 NCT01762969 0
8 0 NCT01764906 0
8 0 NCT01772797 2
8 0 NCT01774526 0
8 0 NCT01774578 0
8 0 NCT01775943 0
8 0 NCT01801111 2
8 0 NCT01803282 1
8 0 NCT01810848 0
8 0 NCT01822496 0
8 0 NCT01823068 0
8 0 NCT01823094 0
8 0 NCT01828099 1
8 0 NCT01828112 2
8 0 NCT01835925 0
8 0 NCT01839955 0
8 0 NCT01846143 0
8 0 NCT01850303 0
8 0 NCT01852838 0
8 0 NCT01854866 0
8 0 NCT01856322 0
8 0 NCT01862536 0
8 0 NCT01871805 0
8 0 NCT01878149 0
8 0 NCT01885754 0
8 0 NCT01911507 0
8 0 NCT01914120 0
8 0 NCT01922583 2
8 0 NCT01924416 0
8 0 NCT01928836 0
8 0 NCT01930474 0
8 0 NCT01932229 0
8 0 NCT01935336 0
8 0 NCT01941303 0
8 0 NCT01945021 2
8 0 NCT01949259 0
8 0 NCT01949701 0
8 0 NCT01950156 0
8 0 NCT01950585 0
8 0 NCT01951586 0
8 0 NCT01955057 0
8 0 NCT01955343 0
8 0 NCT01963533 0
8 0 NCT01964157 0
8 0 NCT01970865 2
8 0 NCT01982045 0
8 0 NCT01982149 0
8 0 NCT01985633 0
8 0 NCT01986595 0
8 0 NCT01986946 0
8 0 NCT01994057 2
8 0 NCT01995188 2
8 0 NCT01998126 2
8 0 NCT01998425 0
8 0 NCT01999621 0
8 0 NCT01999673 0
8 0 NCT01999881 0
8 0 NCT02010047 2
8 0 NCT02013219 0
8 0 NCT02031328 0
8 0 NCT02034097 0
8 0 NCT02034981 2
8 0 NCT02036866 0
8 0 NCT02041468 0
8 0 NCT02042105 0
8 0 NCT02045446 0
8 0 NCT02045615 0
8 0 NCT02054078 0
8 0 NCT02055170 0
8 0 NCT02063633 0
8 0 NCT02066636 0
8 0 NCT02075840 2
8 0 NCT02083679 0
8 0 NCT02084823 0
8 0 NCT02093546 0
8 0 NCT02094573 2
8 0 NCT02108613 0
8 0 NCT02109016 0
8 0 NCT02134912 0
8 0 NCT02139579 0
8 0 NCT02143687 0
8 0 NCT02145637 0
8 0 NCT02150616 0
8 0 NCT02154490 0
8 0 NCT02155465 0
8 0 NCT02166242 0
8 0 NCT02171286 0
8 0 NCT02172365 0
8 0 NCT02183870 0
8 0 NCT02186821 2
8 0 NCT02193282 0
8 0 NCT02194738 0
8 0 NCT02195076 0
8 0 NCT02201992 2
8 0 NCT02220894 0
8 0 NCT02228421 0
8 0 NCT02232516 0
8 0 NCT02259582 0
8 0 NCT02271139 0
8 0 NCT02273336 0
8 0 NCT02277457 2
8 0 NCT02289833 2
8 0 NCT02291003 0
8 0 NCT02292550 2
8 0 NCT02298153 0
8 0 NCT02299141 0
8 0 NCT02299505 2
8 0 NCT02299622 2
8 0 NCT02304406 0
8 0 NCT02308865 0
8 0 NCT02314364 2
8 0 NCT02321046 0
8 0 NCT02323126 0
8 0 NCT02323464 0
8 0 NCT02327078 0
8 0 NCT02328287 0
8 0 NCT02331056 0
8 0 NCT02336451 2
8 0 NCT02364999 0
8 0 NCT02372448 0
8 0 NCT02373917 0
8 0 NCT02400814 0
8 0 NCT02404441 0
8 0 NCT02407327 0
8 0 NCT02411591 0
8 0 NCT02419287 0
8 0 NCT02420405 0
8 0 NCT02426658 0
8 0 NCT02440672 0
8 0 NCT02445183 0
8 0 NCT02446756 0
8 0 NCT02450903 2
8 0 NCT02451930 0
8 0 NCT02465528 2
8 0 NCT02475720 0
8 0 NCT02484404 0
8 0 NCT02493114 0
8 0 NCT02495896 0
8 0 NCT02498613 0
8 0 NCT02502240 0
8 0 NCT02502695 0
8 0 NCT02504489 0
8 0 NCT02504801 0
8 0 NCT02511184 2
8 0 NCT02519972 0
8 0 NCT02521051 2
8 0 NCT02523092 0
8 0 NCT02524860 0
8 0 NCT02535507 0
8 0 NCT02540499 0
8 0 NCT02540824 0
8 0 NCT02544477 0
8 0 NCT02554591 0
8 0 NCT02563028 0
8 0 NCT02568267 2
8 0 NCT02570815 0
8 0 NCT02583282 0
8 0 NCT02584634 0
8 0 NCT02592642 0
8 0 NCT02592967 0
8 0 NCT02598804 0
8 0 NCT02601170 0
8 0 NCT02603003 0
8 0 NCT02611479 0
8 0 NCT02611570 0
8 0 NCT02619448 0
8 0 NCT02621333 0
8 0 NCT02625168 0
8 0 NCT02630615 0
8 0 NCT02631408 0
8 0 NCT02643407 0
8 0 NCT02657460 0
8 0 NCT02665078 0
8 0 NCT02671045 0
8 0 NCT02671565 0
8 0 NCT02679170 2
8 0 NCT02684461 0
8 0 NCT02695550 2
8 0 NCT02708667 2
8 0 NCT02710396 0
8 0 NCT02718651 0
8 0 NCT02732834 0
8 0 NCT02737501 2
8 0 NCT02754388 0
8 0 NCT02755454 0
8 0 NCT02757092 0
8 0 NCT02764866 0
8 0 NCT02767804 2
8 0 NCT02777567 0
8 0 NCT02777957 0
8 0 NCT02788669 0
8 0 NCT02797470 0
8 0 NCT02799303 0
8 0 NCT02803619 0
8 0 NCT02804217 0
8 0 NCT02805062 0
8 0 NCT02805530 0
8 0 NCT02810457 0
8 0 NCT02827344 0
8 0 NCT02831933 0
8 0 NCT02833467 0
8 0 NCT02836197 0
8 0 NCT02838420 0
8 0 NCT02839681 0
8 0 NCT02846103 0
8 0 NCT02865512 0
8 0 NCT02892123 0
8 0 NCT02895503 0
8 0 NCT02896829 0
8 0 NCT02898116 2
8 0 NCT02898857 0
8 0 NCT02899754 0
8 0 NCT02927340 2
8 0 NCT02946216 0
8 0 NCT02946359 2
8 0 NCT02949843 0
8 0 NCT02954809 0
8 0 NCT02959619 2
8 0 NCT02977845 0
8 0 NCT02978625 0
8 0 NCT02985203 0
8 0 NCT03010033 0
8 0 NCT03049618 2
8 0 NCT03059641 2
8 0 NCT03065764 0
8 0 NCT03066297 0
8 0 NCT03066661 2
8 0 NCT03070626 0
8 0 NCT03071705 0
8 0 NCT03079505 0
8 0 NCT03083041 0
8 0 NCT03083808 0
8 0 NCT03086512 0
8 0 NCT03087448 2
8 0 NCT03087708 0
8 0 NCT03088930 2
8 0 NCT03090815 1
8 0 NCT03099174 0
9 0 NCT00005597 0
9 0 NCT00005862 0
9 0 NCT00006357 1
9 0 NCT00009906 1
9 0 NCT00025246 1
9 0 NCT00025415 0
9 0 NCT00028002 1
9 0 NCT00041197 1
9 0 NCT00041249 0
9 0 NCT00045188 0
9 0 NCT00053794 0
9 0 NCT00069940 0
9 0 NCT00075218 0
9 0 NCT00087074 0
9 0 NCT00094029 0
9 0 NCT00103168 1
9 0 NCT00112632 1
9 0 NCT00115739 0
9 0 NCT00116935 1
9 0 NCT00117299 0
9 0 NCT00135005 0
9 0 NCT00155701 0
9 0 NCT00155818 0
9 0 NCT00171912 0
9 0 NCT00171977 1
9 0 NCT00173758 0
9 0 NCT00186914 0
9 0 NCT00237172 0
9 0 NCT00237185 1
9 0 NCT00254267 0
9 0 NCT00265356 0
9 0 NCT00265798 1
9 0 NCT00276302 0
9 0 NCT00278876 1
9 0 NCT00290485 1
9 0 NCT00293124 1
9 0 NCT00324987 0
9 0 NCT00336076 0
9 0 NCT00359333 0
9 0 NCT00367861 1
9 0 NCT00372567 0
9 0 NCT00397384 0
9 0 NCT00427349 0
9 0 NCT00441155 0
9 0 NCT00444795 0
9 0 NCT00454363 0
9 0 NCT00455559 1
9 0 NCT00457743 0
9 0 NCT00461929 0
9 0 NCT00474994 0
9 0 NCT00483366 1
9 0 NCT00498316 0
9 0 NCT00500188 1
9 0 NCT00507273 0
9 0 NCT00510354 0
9 0 NCT00515931 0
9 0 NCT00535379 0
9 0 NCT00564265 0
9 0 NCT00568750 0
9 0 NCT00570635 0
9 0 NCT00573404 0
9 0 NCT00579683 0
9 0 NCT00580281 0
9 0 NCT00584610 0
9 0 NCT00585221 0
9 0 NCT00606008 0
9 0 NCT00620347 0
9 0 NCT00631618 0
9 0 NCT00633295 0
9 0 NCT00640692 1
9 0 NCT00654160 0
9 0 NCT00685828 1
9 0 NCT00716820 0
9 0 NCT00718211 0
9 0 NCT00718562 0
9 0 NCT00733278 0
9 0 NCT00751036 1
9 0 NCT00764595 0
9 0 NCT00769782 0
9 0 NCT00782834 0
9 0 NCT00785785 0
9 0 NCT00793871 0
9 0 NCT00812240 1
9 0 NCT00859937 0
9 0 NCT00867113 1
9 0 NCT00918489 0
9 0 NCT00940563 1
9 0 NCT00954655 0
9 0 NCT00956072 1
9 0 NCT00976612 0
9 0 NCT00998751 1
9 0 NCT01019798 0
9 0 NCT01028222 0
9 0 NCT01031628 0
9 0 NCT01041040 0
9 0 NCT01049776 0
9 0 NCT01054911 0
9 0 NCT01068769 0
9 0 NCT01073644 0
9 0 NCT01089595 0
9 0 NCT01091207 0
9 0 NCT01099514 1
9 0 NCT01110668 0
9 0 NCT01114087 0
9 0 NCT01141673 0
9 0 NCT01151852 1
9 0 NCT01154452 0
9 0 NCT01172548 1
9 0 NCT01227746 0
9 0 NCT01240473 0
9 0 NCT01243346 0
9 0 NCT01265979 0
9 0 NCT01267695 1
9 0 NCT01270893 1
9 0 NCT01276483 0
9 0 NCT01289028 0
9 0 NCT01316263 1
9 0 NCT01323400 0
9 0 NCT01360931 0
9 0 NCT01381822 0
9 0 NCT01389583 1
9 0 NCT01391611 0
9 0 NCT01396148 0
9 0 NCT01404650 0
9 0 NCT01416714 0
9 0 NCT01440959 1
9 0 NCT01445509 0
9 0 NCT01446809 0
9 0 NCT01459757 0
9 0 NCT01462994 1
9 0 NCT01478373 1
9 0 NCT01483014 0
9 0 NCT01487265 0
9 0 NCT01505205 0
9 0 NCT01506336 1
9 0 NCT01524848 1
9 0 NCT01532687 0
9 0 NCT01540253 0
9 0 NCT01541709 2
9 0 NCT01543113 0
9 0 NCT01560260 1
9 0 NCT01566058 0
9 0 NCT01572467 0
9 0 NCT01613053 0
9 0 NCT01694277 1
9 0 NCT01737970 0
9 0 NCT01738139 1
9 0 NCT01768104 0
9 0 NCT01775943 0
9 0 NCT01782313 0
9 0 NCT01839448 0
9 0 NCT01851343 0
9 0 NCT01863745 0
9 0 NCT01865565 1
9 0 NCT01874665 2
9 0 NCT01902420 0
9 0 NCT01907607 1
9 0 NCT01911247 0
9 0 NCT01921452 0
9 0 NCT01922583 0
9 0 NCT01933958 0
9 0 NCT01970696 0
9 0 NCT01991379 0
9 0 NCT02002520 0
9 0 NCT02009423 1
9 0 NCT02015065 1
9 0 NCT02025244 0
9 0 NCT02036359 0
9 0 NCT02071940 0
9 0 NCT02103322 0
9 0 NCT02106858 0
9 0 NCT02134977 0
9 0 NCT02164240 0
9 0 NCT02167893 0
9 0 NCT02171286 1
9 0 NCT02172937 0
9 0 NCT02172963 0
9 0 NCT02216578 0
9 0 NCT02232620 0
9 0 NCT02257541 0
9 0 NCT02260505 1
9 0 NCT02268435 1
9 0 NCT02272998 1
9 0 NCT02331914 0
9 0 NCT02336724 0
9 0 NCT02342600 0
9 0 NCT02353052 0
9 0 NCT02357810 0
9 0 NCT02365441 1
9 0 NCT02367651 0
9 0 NCT02400385 0
9 0 NCT02401815 0
9 0 NCT02413736 1
9 0 NCT02426281 0
9 0 NCT02426762 0
9 0 NCT02427009 0
9 0 NCT02431403 0
9 0 NCT02443948 0
9 0 NCT02461849 1
9 0 NCT02496663 0
9 0 NCT02508532 1
9 0 NCT02528136 0
9 0 NCT02576080 0
9 0 NCT02587923 0
9 0 NCT02601495 0
9 0 NCT02606097 1
9 0 NCT02607332 1
9 0 NCT02638766 1
9 0 NCT02662478 0
9 0 NCT02728258 0
9 0 NCT02763748 0
9 0 NCT02776878 1
9 0 NCT02803593 0
9 0 NCT02866045 0
9 0 NCT02877368 0
9 0 NCT02880020 1
9 0 NCT02884154 0
9 0 NCT02889328 1
9 0 NCT02924714 1
9 0 NCT02931981 0
9 0 NCT02949947 0
9 0 NCT03020108 0
9 0 NCT03025893 0
9 0 NCT03074825 0
9 0 NCT03082079 0
9 0 NCT03092128 0
9 0 NCT03097601 0
13 0 NCT00001431 0
13 0 NCT00001642 0
13 0 NCT00001806 0
13 0 NCT00001880 0
13 0 NCT00002999 0
13 0 NCT00003049 0
13 0 NCT00003104 0
13 0 NCT00003296 0
13 0 NCT00003557 0
13 0 NCT00003576 0
13 0 NCT00003585 0
13 0 NCT00003893 0
13 0 NCT00003923 0
13 0 NCT00004565 0
13 0 NCT00004604 0
13 0 NCT00005938 0
13 0 NCT00005997 0
13 0 NCT00010023 0
13 0 NCT00010062 0
13 0 NCT00010088 0
13 0 NCT00019513 0
13 0 NCT00019786 0
13 0 NCT00020774 0
13 0 NCT00023946 0
13 0 NCT00026377 0
13 0 NCT00030511 0
13 0 NCT00033540 0
13 0 NCT00039559 0
13 0 NCT00040222 1
13 0 NCT00073905 0
13 0 NCT00080639 0
13 0 NCT00084370 0
13 0 NCT00084942 0
13 0 NCT00155896 0
13 0 NCT00165152 0
13 0 NCT00213122 0
13 0 NCT00216437 0
13 0 NCT00230347 0
13 0 NCT00238212 0
13 0 NCT00253539 0
13 0 NCT00253617 0
13 0 NCT00261456 0
13 0 NCT00262769 0
13 0 NCT00266097 0
13 0 NCT00286013 0
13 0 NCT00287898 0
13 0 NCT00290316 0
13 0 NCT00296296 0
13 0 NCT00300235 0
13 0 NCT00301379 0
13 0 NCT00304941 0
13 0 NCT00320918 0
13 0 NCT00321633 0
13 0 NCT00350961 0
13 0 NCT00363584 0
13 0 NCT00386399 1
13 0 NCT00409864 0
13 0 NCT00419510 0
13 0 NCT00438906 0
13 0 NCT00445887 0
13 0 NCT00478140 0
13 0 NCT00487851 0
13 0 NCT00494442 0
13 0 NCT00500383 0
13 0 NCT00504712 0
13 0 NCT00513539 0
13 0 NCT00514046 0
13 0 NCT00515931 0
13 0 NCT00516373 0
13 0 NCT00521690 0
13 0 NCT00531778 0
13 0 NCT00535119 1
13 0 NCT00538564 0
13 0 NCT00539565 0
13 0 NCT00540735 0
13 0 NCT00555503 0
13 0 NCT00579488 0
13 0 NCT00580021 1
13 0 NCT00580112 0
13 0 NCT00588263 1
13 0 NCT00590109 0
13 0 NCT00595348 0
13 0 NCT00597987 0
13 0 NCT00604266 0
13 0 NCT00628186 0
13 0 NCT00630890 0
13 0 NCT00634673 0
13 0 NCT00639314 0
13 0 NCT00653978 0
13 0 NCT00660140 0
13 0 NCT00660699 0
13 0 NCT00664781 0
13 0 NCT00673335 0
13 0 NCT00679783 0
13 0 NCT00685256 0
13 0 NCT00708877 0
13 0 NCT00713687 0
13 0 NCT00714701 0
13 0 NCT00721175 0
13 0 NCT00733200 0
13 0 NCT00737399 0
13 0 NCT00746538 0
13 0 NCT00749502 0
13 0 NCT00753064 0
13 0 NCT00753675 0
13 0 NCT00757263 0
13 0 NCT00766532 0
13 0 NCT00779454 0
13 0 NCT00789958 0
13 0 NCT00797121 0
13 0 NCT00816530 0
13 0 NCT00855998 0
13 0 NCT00858078 0
13 0 NCT00868998 0
13 0 NCT00869635 0
13 0 NCT00892736 0
13 0 NCT00897455 0
13 0 NCT00899145 0
13 0 NCT00907413 0
13 0 NCT00908856 0
13 0 NCT00909896 0
13 0 NCT00919061 0
13 0 NCT00940901 0
13 0 NCT00948935 0
13 0 NCT00953186 0
13 0 NCT00966888 0
13 0 NCT00973713 0
13 0 NCT00975039 0
13 0 NCT00976898 0
13 0 NCT00983541 0
13 0 NCT00985101 0
13 0 NCT01007552 0
13 0 NCT01012817 1
13 0 NCT01022333 1
13 0 NCT01039181 0
13 0 NCT01043172 0
13 0 NCT01068340 0
13 0 NCT01073839 0
13 0 NCT01074203 0
13 0 NCT01074970 0
13 0 NCT01077414 0
13 0 NCT01078662 1
13 0 NCT01091870 0
13 0 NCT01093222 0
13 0 NCT01102569 0
13 0 NCT01103128 0
13 0 NCT01104259 0
13 0 NCT01116791 0
13 0 NCT01121640 0
13 0 NCT01145248 0
13 0 NCT01154426 1
13 0 NCT01167842 0
13 0 NCT01171248 0
13 0 NCT01189734 0
13 0 NCT01219075 0
13 0 NCT01232101 0
13 0 NCT01233505 1
13 0 NCT01237067 0
13 0 NCT01247337 0
13 0 NCT01251900 0
13 0 NCT01253148 0
13 0 NCT01264432 0
13 0 NCT01277601 0
13 0 NCT01282333 1
13 0 NCT01283802 0
13 0 NCT01285037 0
13 0 NCT01286987 1
13 0 NCT01306032 1
13 0 NCT01313377 0
13 0 NCT01320254 0
13 0 NCT01333748 0
13 0 NCT01336660 0
13 0 NCT01339650 2
13 0 NCT01346761 0
13 0 NCT01367639 0
13 0 NCT01374685 0
13 0 NCT01383746 0
13 0 NCT01389414 0
13 0 NCT01399645 0
13 0 NCT01434316 1
13 0 NCT01438554 0
13 0 NCT01439685 0
13 0 NCT01439698 0
13 0 NCT01442324 0
13 0 NCT01445418 0
13 0 NCT01447030 0
13 0 NCT01459380 0
13 0 NCT01459965 0
13 0 NCT01482715 1
13 0 NCT01499524 0
13 0 NCT01499888 0
13 0 NCT01503697 0
13 0 NCT01506115 0
13 0 NCT01506609 0
13 0 NCT01514214 0
13 0 NCT01524146 0
13 0 NCT01524731 0
13 0 NCT01525069 0
13 0 NCT01525719 0
13 0 NCT01540565 1
13 0 NCT01543607 0
13 0 NCT01547793 0
13 0 NCT01560091 0
13 0 NCT01563458 0
13 0 NCT01564485 0
13 0 NCT01565460 0
13 0 NCT01572389 0
13 0 NCT01585805 0
13 0 NCT01589445 0
13 0 NCT01599793 0
13 0 NCT01643499 0
13 0 NCT01661049 0
13 0 NCT01662609 0
13 0 NCT01664780 0
13 0 NCT01666171 0
13 0 NCT01668134 0
13 0 NCT01673802 0
13 0 NCT01676519 0
13 0 NCT01689584 0
13 0 NCT01696903 0
13 0 NCT01718327 0
13 0 NCT01721174 0
13 0 NCT01739465 0
13 0 NCT01752920 0
13 0 NCT01755013 0
13 0 NCT01758341 0
13 0 NCT01759979 0
13 0 NCT01766219 0
13 0 NCT01772979 0
13 0 NCT01773655 1
13 0 NCT01774019 0
13 0 NCT01798147 0
13 0 NCT01828034 0
13 0 NCT01844245 0
13 0 NCT01853306 1
13 0 NCT01855724 0
13 0 NCT01859169 0
13 0 NCT01859182 0
13 0 NCT01862276 0
13 0 NCT01862315 0
13 0 NCT01874184 0
13 0 NCT01895361 0
13 0 NCT01900158 0
13 0 NCT01905592 0
13 0 NCT01907438 0
13 0 NCT01909401 0
13 0 NCT01912053 0
13 0 NCT01914289 0
13 0 NCT01917370 0
13 0 NCT01920256 0
13 0 NCT01920503 0
13 0 NCT01938729 0
13 0 NCT01940718 0
13 0 NCT01945775 0
13 0 NCT01954745 0
13 0 NCT01963325 0
13 0 NCT01983410 0
13 0 NCT01990521 0
13 0 NCT01992471 0
13 0 NCT02000089 1
13 0 NCT02000999 0
13 0 NCT02013375 0
13 0 NCT02027311 0
13 0 NCT02027402 0
13 0 NCT02037373 0
13 0 NCT02040493 0
13 0 NCT02042378 1
13 0 NCT02042443 0
13 0 NCT02053376 0
13 0 NCT02053805 1
13 0 NCT02082522 0
13 0 NCT02103179 0
13 0 NCT02104362 0
13 0 NCT02106871 0
13 0 NCT02107560 0
13 0 NCT02108145 0
13 0 NCT02118545 0
13 0 NCT02119585 0
13 0 NCT02128282 0
13 0 NCT02140554 0
13 0 NCT02150967 0
13 0 NCT02151747 0
13 0 NCT02154672 0
13 0 NCT02157792 0
13 0 NCT02162914 0
13 0 NCT02163694 0
13 0 NCT02166190 0
13 0 NCT02167711 0
13 0 NCT02178280 0
13 0 NCT02181634 0
13 0 NCT02182687 0
13 0 NCT02184871 0
13 0 NCT02196935 0
13 0 NCT02200042 0
13 0 NCT02202564 0
13 0 NCT02203513 2
13 0 NCT02206360 0
13 0 NCT02232932 0
13 0 NCT02238613 0
13 0 NCT02254681 0
13 0 NCT02256982 0
13 0 NCT02297672 0
13 0 NCT02302742 0
13 0 NCT02303730 0
13 0 NCT02309632 1
13 0 NCT02317120 0
13 0 NCT02324062 0
13 0 NCT02326844 0
13 0 NCT02329977 0
13 0 NCT02359474 0
13 0 NCT02375880 0
13 0 NCT02379377 0
13 0 NCT02381561 0
13 0 NCT02401347 0
13 0 NCT02415036 0
13 0 NCT02428855 0
13 0 NCT02451553 0
13 0 NCT02456714 0
13 0 NCT02460315 0
13 0 NCT02471937 0
13 0 NCT02474264 0
13 0 NCT02477228 0
13 0 NCT02479178 0
13 0 NCT02482454 0
13 0 NCT02484404 1
13 0 NCT02496741 1
13 0 NCT02512692 0
13 0 NCT02514499 0
13 0 NCT02526771 0
13 0 NCT02539771 0
13 0 NCT02548195 0
13 0 NCT02557776 0
13 0 NCT02571725 0
13 0 NCT02575014 0
13 0 NCT02582541 0
13 0 NCT02585856 0
13 0 NCT02588755 0
13 0 NCT02592538 0
13 0 NCT02593435 1
13 0 NCT02595905 0
13 0 NCT02598895 0
13 0 NCT02607826 0
13 0 NCT02609958 0
13 0 NCT02631590 0
13 0 NCT02637973 0
13 0 NCT02664389 0
13 0 NCT02665494 0
13 0 NCT02683538 0
13 0 NCT02695979 0
13 0 NCT02699606 1
13 0 NCT02705846 0
13 0 NCT02720601 0
13 0 NCT02725073 0
13 0 NCT02730611 0
13 0 NCT02759666 0
13 0 NCT02760849 0
13 0 NCT02762721 0
13 0 NCT02773485 0
13 0 NCT02775461 0
13 0 NCT02790944 0
13 0 NCT02795104 0
13 0 NCT02798510 0
13 0 NCT02807181 0
13 0 NCT02821754 0
13 0 NCT02836847 0
13 0 NCT02856568 0
13 0 NCT02872831 0
13 0 NCT02873975 1
13 0 NCT02878473 0
13 0 NCT02886845 0
13 0 NCT02890355 0
13 0 NCT02893085 0
13 0 NCT02924376 0
13 0 NCT02950064 1
13 0 NCT02955771 0
13 0 NCT02957981 1
13 0 NCT02982720 0
13 0 NCT02985021 1
13 0 NCT02985658 0
13 0 NCT03003065 0
13 0 NCT03009682 0
13 0 NCT03012321 0
13 0 NCT03015376 0
13 0 NCT03025035 0
13 0 NCT03030573 0
13 0 NCT03040791 0
13 0 NCT03043547 0
13 0 NCT03044795 1
13 0 NCT03046498 0
13 0 NCT03047135 0
13 0 NCT03061188 1
13 0 NCT03071094 0
13 0 NCT03075735 0
13 0 NCT03076203 0
13 0 NCT03078036 0
13 0 NCT03079427 0
13 0 NCT03081039 0
13 0 NCT03082456 0
13 0 NCT03082976 0
13 0 NCT03086993 0
13 0 NCT03102268 0
13 0 NCT03102281 0
13 0 NCT03104569 0
14 0 NCT00001148 0
14 0 NCT00001431 0
14 0 NCT00001642 0
14 0 NCT00001880 0
14 0 NCT00002999 0
14 0 NCT00003049 0
14 0 NCT00003104 0
14 0 NCT00003296 0
14 0 NCT00003557 0
14 0 NCT00003576 0
14 0 NCT00003585 0
14 0 NCT00003893 0
14 0 NCT00003923 0
14 0 NCT00004604 0
14 0 NCT00005938 0
14 0 NCT00005997 0
14 0 NCT00010023 0
14 0 NCT00010062 0
14 0 NCT00010088 0
14 0 NCT00015821 0
14 0 NCT00019513 0
14 0 NCT00019786 0
14 0 NCT00020891 0
14 0 NCT00030511 0
14 0 NCT00033540 0
14 0 NCT00036894 0
14 0 NCT00044395 0
14 0 NCT00044408 0
14 0 NCT00058968 0
14 0 NCT00073905 0
14 0 NCT00074243 0
14 0 NCT00084942 0
14 0 NCT00085410 0
14 0 NCT00108069 0
14 0 NCT00182702 0
14 0 NCT00210847 0
14 0 NCT00216437 0
14 0 NCT00230347 0
14 0 NCT00238212 0
14 0 NCT00253617 0
14 0 NCT00262769 0
14 0 NCT00266097 0
14 0 NCT00272350 0
14 0 NCT00278980 0
14 0 NCT00286013 0
14 0 NCT00290316 0
14 0 NCT00301379 0
14 0 NCT00302159 0
14 0 NCT00320918 0
14 0 NCT00350961 0
14 0 NCT00363584 0
14 0 NCT00409864 0
14 0 NCT00479089 0
14 0 NCT00487851 0
14 0 NCT00513539 0
14 0 NCT00515931 0
14 0 NCT00539565 0
14 0 NCT00540735 0
14 0 NCT00591019 0
14 0 NCT00604266 0
14 0 NCT00626990 0
14 0 NCT00628186 0
14 0 NCT00630890 0
14 0 NCT00639314 0
14 0 NCT00653978 0
14 0 NCT00708877 0
14 0 NCT00713687 0
14 0 NCT00721175 0
14 0 NCT00733200 0
14 0 NCT00737399 0
14 0 NCT00746538 0
14 0 NCT00753675 0
14 0 NCT00777868 0
14 0 NCT00779454 0
14 0 NCT00782756 0
14 0 NCT00789958 0
14 0 NCT00797121 0
14 0 NCT00815932 0
14 0 NCT00855439 0
14 0 NCT00868998 0
14 0 NCT00869635 0
14 0 NCT00870129 0
14 0 NCT00900224 0
14 0 NCT00907413 0
14 0 NCT00919061 0
14 0 NCT00922805 0
14 0 NCT00942331 0
14 0 NCT00959946 0
14 0 NCT00973713 0
14 0 NCT00976898 0
14 0 NCT00983541 0
14 0 NCT00995007 0
14 0 NCT01011231 0
14 0 NCT01039181 0
14 0 NCT01043172 0
14 0 NCT01073839 0
14 0 NCT01074203 0
14 0 NCT01093222 0
14 0 NCT01098357 0
14 0 NCT01116791 0
14 0 NCT01145248 0
14 0 NCT01188486 0
14 0 NCT01189734 0
14 0 NCT01206049 0
14 0 NCT01229111 0
14 0 NCT01229644 0
14 0 NCT01232101 0
14 0 NCT01247337 0
14 0 NCT01253148 0
14 0 NCT01283802 0
14 0 NCT01290939 0
14 0 NCT01296308 0
14 0 NCT01310894 0
14 0 NCT01313377 0
14 0 NCT01320254 0
14 0 NCT01333657 0
14 0 NCT01347333 0
14 0 NCT01358058 0
14 0 NCT01383746 0
14 0 NCT01385150 0
14 0 NCT01389414 0
14 0 NCT01421875 0
14 0 NCT01426126 0
14 0 NCT01434459 0
14 0 NCT01438554 0
14 0 NCT01439685 0
14 0 NCT01447030 0
14 0 NCT01459965 0
14 0 NCT01478178 0
14 0 NCT01501604 0
14 0 NCT01503541 0
14 0 NCT01506115 0
14 0 NCT01512030 0
14 0 NCT01514214 0
14 0 NCT01521338 0
14 0 NCT01524146 0
14 0 NCT01525069 0
14 0 NCT01525719 0
14 0 NCT01534845 0
14 0 NCT01543607 0
14 0 NCT01549795 0
14 0 NCT01563458 0
14 0 NCT01565460 0
14 0 NCT01588860 0
14 0 NCT01597921 0
14 0 NCT01599793 0
14 0 NCT01661049 0
14 0 NCT01664780 0
14 0 NCT01668134 0
14 0 NCT01670513 0
14 0 NCT01673802 0
14 0 NCT01685801 0
14 0 NCT01696903 0
14 0 NCT01703962 0
14 0 NCT01718327 0
14 0 NCT01739465 0
14 0 NCT01750710 0
14 0 NCT01752920 0
14 0 NCT01755013 0
14 0 NCT01758341 0
14 0 NCT01759979 0
14 0 NCT01766219 0
14 0 NCT01768260 0
14 0 NCT01773655 1
14 0 NCT01798147 0
14 0 NCT01828034 0
14 0 NCT01844245 0
14 0 NCT01847937 0
14 0 NCT01859169 0
14 0 NCT01859182 0
14 0 NCT01862276 0
14 0 NCT01868490 0
14 0 NCT01875393 0
14 0 NCT01900158 0
14 0 NCT01909401 0
14 0 NCT01912053 0
14 0 NCT01914289 0
14 0 NCT01915498 0
14 0 NCT01917370 0
14 0 NCT01920503 0
14 0 NCT01938729 0
14 0 NCT01947673 0
14 0 NCT01954745 0
14 0 NCT01963325 0
14 0 NCT02000999 0
14 0 NCT02027311 0
14 0 NCT02027402 0
14 0 NCT02037373 0
14 0 NCT02047058 0
14 0 NCT02071862 0
14 0 NCT02073994 0
14 0 NCT02074839 0
14 0 NCT02076191 0
14 0 NCT02082522 0
14 0 NCT02099487 0
14 0 NCT02103179 0
14 0 NCT02106871 0
14 0 NCT02107560 0
14 0 NCT02111174 0
14 0 NCT02118545 0
14 0 NCT02127762 0
14 0 NCT02128282 0
14 0 NCT02150967 0
14 0 NCT02162914 0
14 0 NCT02166190 0
14 0 NCT02167711 0
14 0 NCT02170090 0
14 0 NCT02171286 0
14 0 NCT02178280 0
14 0 NCT02181634 0
14 0 NCT02182687 0
14 0 NCT02184871 0
14 0 NCT02193347 0
14 0 NCT02194010 0
14 0 NCT02196935 0
14 0 NCT02200042 0
14 0 NCT02202564 0
14 0 NCT02209428 0
14 0 NCT02210377 0
14 0 NCT02236793 0
14 0 NCT02238613 0
14 0 NCT02254681 0
14 0 NCT02256982 0
14 0 NCT02273739 1
14 0 NCT02274753 0
14 0 NCT02318381 0
14 0 NCT02322255 0
14 0 NCT02329977 0
14 0 NCT02333513 0
14 0 NCT02347709 0
14 0 NCT02379572 0
14 0 NCT02381886 0
14 0 NCT02388659 0
14 0 NCT02428855 1
14 0 NCT02451553 0
14 0 NCT02454634 0
14 0 NCT02456714 0
14 0 NCT02460315 0
14 0 NCT02477228 0
14 0 NCT02479178 0
14 0 NCT02481154 0
14 0 NCT02482454 0
14 0 NCT02492737 0
14 0 NCT02496741 1
14 0 NCT02512692 0
14 0 NCT02518061 0
14 0 NCT02525692 0
14 0 NCT02526771 0
14 0 NCT02548195 0
14 0 NCT02549833 0
14 0 NCT02553863 0
14 0 NCT02568267 0
14 0 NCT02577406 0
14 0 NCT02582541 0
14 0 NCT02585856 0
14 0 NCT02588755 0
14 0 NCT02592538 0
14 0 NCT02597335 0
14 0 NCT02607826 0
14 0 NCT02609958 0
14 0 NCT02619565 0
14 0 NCT02631590 0
14 0 NCT02632370 0
14 0 NCT02632708 0
14 0 NCT02665494 0
14 0 NCT02666066 0
14 0 NCT02677922 0
14 0 NCT02695979 0
14 0 NCT02698280 0
14 0 NCT02699606 0
14 0 NCT02702492 0
14 0 NCT02719574 0
14 0 NCT02720601 0
14 0 NCT02722057 0
14 0 NCT02725073 0
14 0 NCT02730247 0
14 0 NCT02746081 1
14 0 NCT02762721 0
14 0 NCT02766270 0
14 0 NCT02771301 0
14 0 NCT02773485 0
14 0 NCT02784795 0
14 0 NCT02798510 0
14 0 NCT02807181 0
14 0 NCT02821754 0
14 0 NCT02826642 0
14 0 NCT02856568 0
14 0 NCT02878473 0
14 0 NCT02893085 1
14 0 NCT02924038 0
14 0 NCT02924376 0
14 0 NCT02930252 0
14 0 NCT02955771 0
14 0 NCT02967679 0
14 0 NCT02968940 0
14 0 NCT02977689 0
14 0 NCT02977780 0
14 0 NCT02982720 0
14 0 NCT02986620 0
14 0 NCT02986815 0
14 0 NCT02987010 0
14 0 NCT02989857 1
14 0 NCT02995863 0
14 0 NCT03003065 0
14 0 NCT03008733 0
14 0 NCT03018288 0
14 0 NCT03020108 0
14 0 NCT03030066 0
14 0 NCT03030573 0
14 0 NCT03058588 0
14 0 NCT03061331 0
14 0 NCT03079427 0
14 0 NCT03081039 0
14 0 NCT03086993 0
14 0 NCT03102112 0
14 0 NCT03102268 0
14 0 NCT03102281 0
16 0 NCT00001431 0
16 0 NCT00002475 0
16 0 NCT00002773 0
16 0 NCT00003018 0
16 0 NCT00003029 0
16 0 NCT00003049 0
16 0 NCT00003291 0
16 0 NCT00003332 0
16 0 NCT00003531 0
16 0 NCT00003677 0
16 0 NCT00003728 0
16 0 NCT00004003 0
16 0 NCT00004884 0
16 0 NCT00004910 0
16 0 NCT00005591 0
16 0 NCT00005594 0
16 0 NCT00005648 0
16 0 NCT00005832 0
16 0 NCT00012220 0
16 0 NCT00014651 0
16 0 NCT00016380 0
16 0 NCT00016965 0
16 0 NCT00019474 0
16 0 NCT00023972 0
16 0 NCT00024063 0
16 0 NCT00027521 0
16 0 NCT00028834 0
16 0 NCT00040352 0
16 0 NCT00045747 0
16 0 NCT00047307 0
16 0 NCT00068432 0
16 0 NCT00068575 0
16 0 NCT00075686 0
16 0 NCT00082862 0
16 0 NCT00084383 0
16 0 NCT00085371 0
16 0 NCT00100321 0
16 0 NCT00114244 0
16 0 NCT00116389 0
16 0 NCT00119535 0
16 0 NCT00123110 0
16 0 NCT00136669 0
16 0 NCT00160472 0
16 0 NCT00176735 0
16 0 NCT00188773 0
16 0 NCT00192712 0
16 0 NCT00198081 0
16 0 NCT00222898 0
16 0 NCT00233415 0
16 0 NCT00243854 0
16 0 NCT00253526 0
16 0 NCT00255827 0
16 0 NCT00273572 0
16 0 NCT00276250 0
16 0 NCT00288925 0
16 0 NCT00296114 0
16 0 NCT00297167 0
16 0 NCT00303758 0
16 0 NCT00316420 0
16 0 NCT00324428 0
16 0 NCT00330382 0
16 0 NCT00339222 0
16 0 NCT00339404 0
16 0 NCT00356460 0
16 0 NCT00365144 0
16 0 NCT00369460 0
16 0 NCT00372944 0
16 0 NCT00376987 0
16 0 NCT00377936 0
16 0 NCT00383760 0
16 0 NCT00408317 0
16 0 NCT00408564 0
16 0 NCT00415454 0
16 0 NCT00419614 0
16 0 NCT00419627 0
16 0 NCT00424827 0
16 0 NCT00432861 0
16 0 NCT00434811 0
16 0 NCT00438906 0
16 0 NCT00445783 0
16 0 NCT00448838 0
16 0 NCT00449878 0
16 0 NCT00450593 0
16 0 NCT00456599 0
16 0 NCT00460174 0
16 0 NCT00462852 0
16 0 NCT00468442 0
16 0 NCT00474812 0
16 0 NCT00482872 0
16 0 NCT00487851 0
16 0 NCT00495924 0
16 0 NCT00497224 0
16 0 NCT00498225 0
16 0 NCT00499486 0
16 0 NCT00500968 0
16 0 NCT00513682 0
16 0 NCT00514163 0
16 0 NCT00521404 0
16 0 NCT00526578 0
16 0 NCT00533559 0
16 0 NCT00534001 0
16 0 NCT00536614 0
16 0 NCT00546130 0
16 0 NCT00550628 0
16 0 NCT00551057 0
16 0 NCT00551590 0
16 0 NCT00556023 0
16 0 NCT00561990 0
16 0 NCT00569387 0
16 0 NCT00571818 0
16 0 NCT00572975 0
16 0 NCT00577564 0
16 0 NCT00578214 0
16 0 NCT00580021 0
16 0 NCT00582062 0
16 0 NCT00582699 0
16 0 NCT00587132 0
16 0 NCT00598741 0
16 0 NCT00614601 0
16 0 NCT00615095 0
16 0 NCT00617708 0
16 0 NCT00620295 0
16 0 NCT00622622 0
16 0 NCT00622674 0
16 0 NCT00639925 0
16 0 NCT00644254 0
16 0 NCT00655785 0
16 0 NCT00657995 0
16 0 NCT00661648 0
16 0 NCT00661882 0
16 0 NCT00662675 0
16 0 NCT00662688 0
16 0 NCT00663975 0
16 0 NCT00664482 0
16 0 NCT00666926 0
16 0 NCT00667082 0
16 0 NCT00667641 0
16 0 NCT00673504 0
16 0 NCT00680420 0
16 0 NCT00685763 0
16 0 NCT00690300 0
16 0 NCT00692640 0
16 0 NCT00696696 0
16 0 NCT00709787 0
16 0 NCT00711997 0
16 0 NCT00714701 0
16 0 NCT00720785 0
16 0 NCT00727441 0
16 0 NCT00733746 0
16 0 NCT00733850 0
16 0 NCT00736099 0
16 0 NCT00744640 0
16 0 NCT00758381 0
16 0 NCT00760110 0
16 0 NCT00761345 0
16 0 NCT00783172 0
16 0 NCT00786006 0
16 0 NCT00789763 0
16 0 NCT00791076 0
16 0 NCT00813163 0
16 0 NCT00830557 0
16 0 NCT00835133 0
16 0 NCT00835341 0
16 0 NCT00836407 0
16 0 NCT00839332 0
16 0 NCT00841035 0
16 0 NCT00878163 0
16 0 NCT00879801 0
16 0 NCT00880100 0
16 0 NCT00885248 0
16 0 NCT00896948 0
16 0 NCT00897481 0
16 0 NCT00897494 0
16 0 NCT00897741 0
16 0 NCT00897832 0
16 0 NCT00898053 0
16 0 NCT00898482 0
16 0 NCT00898781 0
16 0 NCT00899132 0
16 0 NCT00900003 0
16 0 NCT00900016 0
16 0 NCT00902733 0
16 0 NCT00919282 0
16 0 NCT00919659 0
16 0 NCT00922896 0
16 0 NCT00923299 0
16 0 NCT00944463 0
16 0 NCT00966706 0
16 0 NCT00970125 0
16 0 NCT00974610 0
16 0 NCT00978835 0
16 0 NCT00981162 0
16 0 NCT00984750 0
16 0 NCT00997958 0
16 0 NCT00998322 0
16 0 NCT01010945 0
16 0 NCT01015820 0
16 0 NCT01025882 0
16 0 NCT01038492 0
16 0 NCT01063192 0
16 0 NCT01065870 0
16 0 NCT01074996 0
16 0 NCT01084369 0
16 0 NCT01088789 0
16 0 NCT01094561 0
16 0 NCT01094600 0
16 0 NCT01097512 0
16 0 NCT01098344 0
16 0 NCT01102556 0
16 0 NCT01102569 0
16 0 NCT01103128 0
16 0 NCT01104077 0
16 0 NCT01104129 0
16 0 NCT01111591 0
16 0 NCT01129167 0
16 0 NCT01138124 0
16 0 NCT01138345 0
16 0 NCT01139944 0
16 0 NCT01148680 0
16 0 NCT01155453 0
16 0 NCT01155882 0
16 0 NCT01167738 0
16 0 NCT01188109 0
16 0 NCT01196247 0
16 0 NCT01209520 0
16 0 NCT01210911 0
16 0 NCT01219829 0
16 0 NCT01259544 0
16 0 NCT01266720 0
16 0 NCT01267357 0
16 0 NCT01274455 0
16 0 NCT01278368 0
16 0 NCT01301222 0
16 0 NCT01303159 0
16 0 NCT01304160 0
16 0 NCT01305954 0
16 0 NCT01318395 0
16 0 NCT01327703 0
16 0 NCT01330823 0
16 0 NCT01333124 0
16 0 NCT01333631 0
16 0 NCT01342224 0
16 0 NCT01346085 0
16 0 NCT01346410 0
16 0 NCT01360593 0
16 0 NCT01363232 0
16 0 NCT01364805 0
16 0 NCT01365169 0
16 0 NCT01384617 0
16 0 NCT01392027 0
16 0 NCT01394120 0
16 0 NCT01394159 0
16 0 NCT01396681 0
16 0 NCT01397019 0
16 0 NCT01401387 0
16 0 NCT01412684 0
16 0 NCT01415531 0
16 0 NCT01416662 0
16 0 NCT01416714 0
16 0 NCT01419002 0
16 0 NCT01427725 0
16 0 NCT01441986 0
16 0 NCT01446861 0
16 0 NCT01455610 0
16 0 NCT01462838 0
16 0 NCT01468428 0
16 0 NCT01470885 0
16 0 NCT01472198 0
16 0 NCT01474018 0
16 0 NCT01476137 0
16 0 NCT01486329 0
16 0 NCT01489865 0
16 0 NCT01497392 0
16 0 NCT01520675 0
16 0 NCT01523457 0
16 0 NCT01523808 0
16 0 NCT01556035 0
16 0 NCT01563133 0
16 0 NCT01580241 0
16 0 NCT01585805 0
16 0 NCT01586611 0
16 0 NCT01587534 0
16 0 NCT01598584 0
16 0 NCT01615653 0
16 0 NCT01628458 0
16 0 NCT01638533 0
16 0 NCT01643811 0
16 0 NCT01658943 0
16 0 NCT01660971 0
16 0 NCT01662609 0
16 0 NCT01666184 0
16 0 NCT01675258 0
16 0 NCT01687413 0
16 0 NCT01694589 0
16 0 NCT01695018 0
16 0 NCT01696903 0
16 0 NCT01696955 0
16 0 NCT01706211 0
16 0 NCT01706939 0
16 0 NCT01707758 0
16 0 NCT01710865 0
16 0 NCT01717196 0
16 0 NCT01727349 0
16 0 NCT01728818 0
16 0 NCT01734967 0
16 0 NCT01744353 0
16 0 NCT01744652 0
16 0 NCT01753024 0
16 0 NCT01760252 0
16 0 NCT01760447 0
16 0 NCT01773031 0
16 0 NCT01774409 0
16 0 NCT01795274 0
16 0 NCT01798446 0
16 0 NCT01834170 0
16 0 NCT01836432 0
16 0 NCT01844817 0
16 0 NCT01884714 0
16 0 NCT01895790 0
16 0 NCT01903083 0
16 0 NCT01907607 0
16 0 NCT01908478 0
16 0 NCT01911689 0
16 0 NCT01929915 0
16 0 NCT01951690 0
16 0 NCT01954732 0
16 0 NCT01957696 0
16 0 NCT01969318 0
16 0 NCT01969357 0
16 0 NCT01970033 0
16 0 NCT01970046 0
16 0 NCT01971034 0
16 0 NCT01983098 0
16 0 NCT01983410 0
16 0 NCT01984359 0
16 0 NCT01989000 0
16 0 NCT01994681 0
16 0 NCT02000089 0
16 0 NCT02001337 0
16 0 NCT02003222 0
16 0 NCT02004262 0
16 0 NCT02004964 0
16 0 NCT02005419 0
16 0 NCT02023489 0
16 0 NCT02024542 0
16 0 NCT02028806 0
16 0 NCT02041936 0
16 0 NCT02043288 0
16 0 NCT02043730 0
16 0 NCT02057146 0
16 0 NCT02058147 0
16 0 NCT02058160 0
16 0 NCT02070705 0
16 0 NCT02072616 0
16 0 NCT02074046 0
16 0 NCT02078245 0
16 0 NCT02079363 0
16 0 NCT02079623 0
16 0 NCT02089269 0
16 0 NCT02093455 0
16 0 NCT02106884 0
16 0 NCT02113046 0
16 0 NCT02154737 0
16 0 NCT02159248 0
16 0 NCT02162823 0
16 0 NCT02167932 0
16 0 NCT02175992 0
16 0 NCT02178436 0
16 0 NCT02178787 0
16 0 NCT02187783 0
16 0 NCT02190071 0
16 0 NCT02194829 0
16 0 NCT02204189 0
16 0 NCT02206360 0
16 0 NCT02207985 0
16 0 NCT02227940 0
16 0 NCT02233205 0
16 0 NCT02234947 0
16 0 NCT02243007 0
16 0 NCT02250638 0
16 0 NCT02255461 0
16 0 NCT02274753 0
16 0 NCT02277834 0
16 0 NCT02289326 0
16 0 NCT02289898 0
16 0 NCT02296736 0
16 0 NCT02301143 0
16 0 NCT02305914 0
16 0 NCT02308683 0
16 0 NCT02309177 0
16 0 NCT02309632 1
16 0 NCT02324543 0
16 0 NCT02327078 0
16 0 NCT02333409 0
16 0 NCT02334527 0
16 0 NCT02344602 0
16 0 NCT02369458 0
16 0 NCT02405585 0
16 0 NCT02414100 0
16 0 NCT02424773 0
16 0 NCT02428270 0
16 0 NCT02449681 0
16 0 NCT02456051 0
16 0 NCT02458118 0
16 0 NCT02459041 0
16 0 NCT02459652 0
16 0 NCT02461836 0
16 0 NCT02475499 0
16 0 NCT02478320 1
16 0 NCT02489695 0
16 0 NCT02504333 0
16 0 NCT02506803 0
16 0 NCT02522585 0
16 0 NCT02526316 0
16 0 NCT02529579 0
16 0 NCT02530320 0
16 0 NCT02540876 0
16 0 NCT02543658 0
16 0 NCT02546661 0
16 0 NCT02550847 0
16 0 NCT02555813 0
16 0 NCT02561338 0
16 0 NCT02563080 0
16 0 NCT02564458 0
16 0 NCT02565641 0
16 0 NCT02571829 0
16 0 NCT02575508 0
16 0 NCT02579278 0
16 0 NCT02588443 0
16 0 NCT02589002 0
16 0 NCT02595645 0
16 0 NCT02597062 0
16 0 NCT02598128 0
16 0 NCT02606617 0
16 0 NCT02620839 0
16 0 NCT02624154 0
16 0 NCT02637596 0
16 0 NCT02645149 0
16 0 NCT02648282 0
16 0 NCT02654288 0
16 0 NCT02671513 0
16 0 NCT02682394 0
16 0 NCT02688907 0
16 0 NCT02691052 0
16 0 NCT02703545 0
16 0 NCT02726854 0
16 0 NCT02734680 0
16 0 NCT02745301 0
16 0 NCT02745847 0
16 0 NCT02749136 0
16 0 NCT02750657 0
16 0 NCT02775227 0
16 0 NCT02775461 0
16 0 NCT02777463 0
16 0 NCT02781012 0
16 0 NCT02786602 0
16 0 NCT02790944 2
16 0 NCT02791607 0
16 0 NCT02803918 0
16 0 NCT02806648 0
16 0 NCT02806687 0
16 0 NCT02807896 0
16 0 NCT02812056 0
16 0 NCT02818829 0
16 0 NCT02818907 0
16 0 NCT02821026 0
16 0 NCT02823678 0
16 0 NCT02846571 0
16 0 NCT02846714 0
16 0 NCT02846935 0
16 0 NCT02847000 2
16 0 NCT02858141 0
16 0 NCT02859441 0
16 0 NCT02863770 0
16 0 NCT02863783 0
16 0 NCT02886247 0
16 0 NCT02893085 1
16 0 NCT02897375 0
16 0 NCT02900677 0
16 0 NCT02902484 0
16 0 NCT02919371 0
16 0 NCT02919787 0
16 0 NCT02920567 0
16 0 NCT02933736 0
16 0 NCT02934984 0
16 0 NCT02942706 0
16 0 NCT02945631 0
16 0 NCT02965703 0
16 0 NCT02967120 0
16 0 NCT02974764 0
16 0 NCT02977702 0
16 0 NCT02981342 0
16 0 NCT02985801 0
16 0 NCT02993731 0
16 0 NCT03001505 0
16 0 NCT03006796 0
16 0 NCT03008304 0
16 0 NCT03023722 0
16 0 NCT03024489 0
16 0 NCT03030404 0
16 0 NCT03034291 0
16 0 NCT03040791 0
16 0 NCT03042442 0
16 0 NCT03047135 0
16 0 NCT03050398 0
16 0 NCT03058926 0
16 0 NCT03060720 0
16 0 NCT03063398 0
16 0 NCT03065062 0
16 0 NCT03069664 0
16 0 NCT03076502 0
16 0 NCT03080948 0
16 0 NCT03099850 0
