6 0 NCT00001296 0
6 0 NCT00001439 0
6 0 NCT00001577 0
6 0 NCT00001705 0
6 0 NCT00002535 0
6 0 NCT00002733 0
6 0 NCT00002860 0
6 0 NCT00002887 0
6 0 NCT00002892 0
6 0 NCT00002952 0
6 0 NCT00002973 0
6 0 NCT00003222 0
6 0 NCT00003224 0
6 0 NCT00003641 0
6 0 NCT00003895 0
6 0 NCT00003911 0
6 0 NCT00004104 0
6 0 NCT00004153 0
6 0 NCT00005617 0
6 0 NCT00005841 0
6 0 NCT00006022 0
6 0 NCT00006233 0
6 0 NCT00019396 0
6 0 NCT00029900 0
6 0 NCT00031733 0
6 0 NCT00035165 0
6 0 NCT00040352 0
6 0 NCT00050102 0
6 0 NCT00054535 0
6 0 NCT00070343 0
6 0 NCT00081042 0
6 0 NCT00085189 0
6 0 NCT00087386 0
6 0 NCT00094653 0
6 0 NCT00104884 0
6 0 NCT00107718 0
6 0 NCT00109863 0
6 0 NCT00110019 0
6 0 NCT00112216 0
6 0 NCT00112242 0
6 0 NCT00125749 0
6 0 NCT00128583 0
6 0 NCT00139360 0
6 0 NCT00142454 0
6 0 NCT00153569 0
6 0 NCT00168870 0
6 0 NCT00184067 0
6 0 NCT00197912 0
6 0 NCT00199901 0
6 0 NCT00200577 0
6 0 NCT00203879 0
6 0 NCT00204594 0
6 0 NCT00232726 0
6 0 NCT00243594 0
6 0 NCT00254397 0
6 0 NCT00257465 0
6 0 NCT00275496 0
6 0 NCT00281541 0
6 0 NCT00288938 0
6 0 NCT00289627 0
6 0 NCT00289640 0
6 0 NCT00291720 0
6 0 NCT00300612 0
6 0 NCT00306514 0
6 0 NCT00308607 0
6 0 NCT00313235 0
6 0 NCT00314548 0
6 0 NCT00324623 0
6 0 NCT00327600 0
6 0 NCT00338130 0
6 0 NCT00339222 0
6 0 NCT00339404 0
6 0 NCT00341991 0
6 0 NCT00344799 0
6 0 NCT00346008 0
6 0 NCT00348088 0
6 0 NCT00367965 0
6 0 NCT00368615 0
6 0 NCT00370136 0
6 0 NCT00383292 0
6 0 NCT00383851 0
6 0 NCT00394134 0
6 0 NCT00405587 0
6 0 NCT00406120 0
6 0 NCT00408512 0
6 0 NCT00422448 0
6 0 NCT00441662 0
6 0 NCT00445783 0
6 0 NCT00450593 0
6 0 NCT00462982 0
6 0 NCT00477906 0
6 0 NCT00487864 0
6 0 NCT00489944 0
6 0 NCT00506311 0
6 0 NCT00509496 0
6 0 NCT00510302 0
6 0 NCT00513604 0
6 0 NCT00518050 0
6 0 NCT00518206 0
6 0 NCT00518895 0
6 0 NCT00546130 0
6 0 NCT00553332 0
6 0 NCT00553618 0
6 0 NCT00563823 0
6 0 NCT00580060 0
6 0 NCT00585000 0
6 0 NCT00591370 0
6 0 NCT00591500 0
6 0 NCT00596336 0
6 0 NCT00602576 0
6 0 NCT00626405 0
6 0 NCT00651157 0
6 0 NCT00671918 0
6 0 NCT00723710 0
6 0 NCT00746746 0
6 0 NCT00794053 0
6 0 NCT00813449 0
6 0 NCT00819780 1
6 0 NCT00826995 0
6 0 NCT00827177 0
6 0 NCT00846833 0
6 0 NCT00849407 0
6 0 NCT00862914 0
6 0 NCT00866177 1
6 0 NCT00897312 0
6 0 NCT00897481 0
6 0 NCT00897520 0
6 0 NCT00897546 0
6 0 NCT00901966 0
6 0 NCT00932035 0
6 0 NCT00937690 0
6 0 NCT00945269 0
6 0 NCT00955578 0
6 0 NCT00962845 0
6 0 NCT00963664 0
6 0 NCT00975520 0
6 0 NCT00991991 0
6 0 NCT00996567 0
6 0 NCT00996827 0
6 0 NCT01005654 0
6 0 NCT01006252 0
6 0 NCT01009775 0
6 0 NCT01011153 0
6 0 NCT01023828 0
6 0 NCT01052142 0
6 0 NCT01053598 0
6 0 NCT01069627 0
6 0 NCT01100580 0
6 0 NCT01106040 0
6 0 NCT01124734 0
6 0 NCT01131234 0
6 0 NCT01138085 0
6 0 NCT01168050 1
6 0 NCT01198535 0
6 0 NCT01198743 0
6 0 NCT01216696 0
6 0 NCT01225536 0
6 0 NCT01256359 0
6 0 NCT01257360 1
6 0 NCT01264081 0
6 0 NCT01266031 0
6 0 NCT01281722 0
6 0 NCT01304303 0
6 0 NCT01307397 0
6 0 NCT01307618 0
6 0 NCT01311466 0
6 0 NCT01318395 0
6 0 NCT01320085 1
6 0 NCT01324609 0
6 0 NCT01334008 0
6 0 NCT01337765 0
6 0 NCT01339663 0
6 0 NCT01351480 0
6 0 NCT01352273 0
6 0 NCT01358812 0
6 0 NCT01360931 0
6 0 NCT01362296 0
6 0 NCT01363232 0
6 0 NCT01365910 0
6 0 NCT01367002 0
6 0 NCT01380795 0
6 0 NCT01390818 0
6 0 NCT01412957 0
6 0 NCT01435499 0
6 0 NCT01438658 0
6 0 NCT01442935 0
6 0 NCT01444560 0
6 0 NCT01482260 0
6 0 NCT01495988 0
6 0 NCT01502293 0
6 0 NCT01508000 0
6 0 NCT01519427 0
6 0 NCT01533948 0
6 0 NCT01542255 0
6 0 NCT01543113 1
6 0 NCT01572701 0
6 0 NCT01573494 0
6 0 NCT01588847 0
6 0 NCT01593579 0
6 0 NCT01610531 0
6 0 NCT01615406 0
6 0 NCT01651013 0
6 0 NCT01652547 0
6 0 NCT01667536 0
6 0 NCT01668498 0
6 0 NCT01669265 0
6 0 NCT01673737 0
6 0 NCT01682083 0
6 0 NCT01683188 0
6 0 NCT01688232 0
6 0 NCT01691391 0
6 0 NCT01692496 0
6 0 NCT01693068 1
6 0 NCT01700699 0
6 0 NCT01704703 0
6 0 NCT01705392 0
6 0 NCT01711242 0
6 0 NCT01721200 0
6 0 NCT01726738 0
6 0 NCT01740648 0
6 0 NCT01743157 0
6 0 NCT01744860 0
6 0 NCT01748448 0
6 0 NCT01763164 0
6 0 NCT01764009 0
6 0 NCT01765543 0
6 0 NCT01765556 0
6 0 NCT01765569 0
6 0 NCT01772771 0
6 0 NCT01781429 0
6 0 NCT01781572 1
6 0 NCT01789827 0
6 0 NCT01794793 0
6 0 NCT01801904 0
6 0 NCT01814501 0
6 0 NCT01840527 0
6 0 NCT01843062 0
6 0 NCT01860976 0
6 0 NCT01861938 0
6 0 NCT01876212 0
6 0 NCT01878396 0
6 0 NCT01898039 0
6 0 NCT01902173 0
6 0 NCT01907815 0
6 0 NCT01909453 1
6 0 NCT01915589 0
6 0 NCT01915602 0
6 0 NCT01924923 0
6 0 NCT01925274 0
6 0 NCT01928940 1
6 0 NCT01940809 0
6 0 NCT01941927 0
6 0 NCT01942993 0
6 0 NCT01943786 0
6 0 NCT01955915 0
6 0 NCT01961115 0
6 0 NCT01970358 0
6 0 NCT01989585 0
6 0 NCT01989598 1
6 0 NCT01990859 0
6 0 NCT01996085 0
6 0 NCT02000336 0
6 0 NCT02007031 0
6 0 NCT02023710 0
6 0 NCT02027961 0
6 0 NCT02038348 0
6 0 NCT02049801 0
6 0 NCT02050321 0
6 0 NCT02057328 0
6 0 NCT02063529 0
6 0 NCT02065063 0
6 0 NCT02083484 0
6 0 NCT02086721 0
6 0 NCT02088762 0
6 0 NCT02107755 0
6 0 NCT02117466 0
6 0 NCT02120222 1
6 0 NCT02130466 1
6 0 NCT02138292 1
6 0 NCT02142335 0
6 0 NCT02145611 0
6 0 NCT02152995 0
6 0 NCT02155322 0
6 0 NCT02156310 0
6 0 NCT02156804 1
6 0 NCT02159066 1
6 0 NCT02164916 0
6 0 NCT02171286 0
6 0 NCT02199223 0
6 0 NCT02223819 0
6 0 NCT02243917 0
6 0 NCT02263898 0
6 0 NCT02279004 0
6 0 NCT02281760 0
6 0 NCT02285413 0
6 0 NCT02296112 0
6 0 NCT02301962 0
6 0 NCT02306850 0
6 0 NCT02316496 0
6 0 NCT02318901 0
6 0 NCT02322736 0
6 0 NCT02355574 0
6 0 NCT02355587 0
6 0 NCT02357732 1
6 0 NCT02372708 0
6 0 NCT02394795 0
6 0 NCT02399943 0
6 0 NCT02400385 0
6 0 NCT02403778 0
6 0 NCT02404935 0
6 0 NCT02416336 0
6 0 NCT02424513 0
6 0 NCT02434107 0
6 0 NCT02447536 0
6 0 NCT02448810 0
6 0 NCT02451865 0
6 0 NCT02457065 0
6 0 NCT02476357 0
6 0 NCT02493361 0
6 0 NCT02498756 0
6 0 NCT02501551 1
6 0 NCT02516527 0
6 0 NCT02563379 0
6 0 NCT02568046 0
6 0 NCT02573220 0
6 0 NCT02574377 0
6 0 NCT02583542 0
6 0 NCT02587650 1
6 0 NCT02613221 0
6 0 NCT02645149 1
6 0 NCT02650492 0
6 0 NCT02654821 0
6 0 NCT02668887 0
6 0 NCT02713373 0
6 0 NCT02723006 0
6 0 NCT02736123 0
6 0 NCT02751177 0
6 0 NCT02768207 1
6 0 NCT02771314 0
6 0 NCT02780934 0
6 0 NCT02792478 0
6 0 NCT02807272 0
6 0 NCT02827565 0
6 0 NCT02828202 1
6 0 NCT02829385 0
6 0 NCT02838433 0
6 0 NCT02854124 0
6 0 NCT02857270 0
6 0 NCT02858921 1
6 0 NCT02862743 0
6 0 NCT02870244 0
6 0 NCT02883933 0
6 0 NCT02884362 0
6 0 NCT02902029 1
6 0 NCT02902042 0
6 0 NCT02906943 0
6 0 NCT02910700 1
6 0 NCT02922283 0
6 0 NCT02941744 0
6 0 NCT02942706 0
6 0 NCT02967692 0
6 0 NCT02975700 1
6 0 NCT02981303 0
6 0 NCT02993315 0
6 0 NCT02993731 0
6 0 NCT03000374 0
6 0 NCT03049345 0
6 0 NCT03051035 0
6 0 NCT03054584 0
6 0 NCT03087071 0
6 0 NCT03101254 1
6 0 NCT03102866 0
7 0 NCT00000421 0
7 0 NCT00002822 0
7 0 NCT00003002 0
7 0 NCT00003159 0
7 0 NCT00003284 0
7 0 NCT00005778 0
7 0 NCT00005850 0
7 0 NCT00006017 0
7 0 NCT00019006 0
7 0 NCT00020202 0
7 0 NCT00024076 0
7 0 NCT00029003 1
7 0 NCT00030641 0
7 0 NCT00042835 0
7 0 NCT00042991 0
7 0 NCT00049543 1
7 0 NCT00050830 0
7 0 NCT00050960 0
7 0 NCT00054691 0
7 0 NCT00062270 0
7 0 NCT00066404 0
7 0 NCT00068497 0
7 0 NCT00071175 0
7 0 NCT00073008 1
7 0 NCT00073398 0
7 0 NCT00073528 0
7 0 NCT00074373 0
7 0 NCT00075270 0
7 0 NCT00076752 0
7 0 NCT00077064 0
7 0 NCT00081302 1
7 0 NCT00084409 1
7 0 NCT00087269 1
7 0 NCT00087412 1
7 0 NCT00091663 0
7 0 NCT00098501 0
7 0 NCT00102505 0
7 0 NCT00117962 0
7 0 NCT00118144 0
7 0 NCT00118183 0
7 0 NCT00123747 0
7 0 NCT00124280 0
7 0 NCT00126581 1
7 0 NCT00155116 0
7 0 NCT00155532 0
7 0 NCT00173680 0
7 0 NCT00173875 0
7 0 NCT00185913 0
7 0 NCT00188162 0
7 0 NCT00206492 0
7 0 NCT00217698 0
7 0 NCT00218179 0
7 0 NCT00222183 0
7 0 NCT00224406 0
7 0 NCT00242723 0
7 0 NCT00252707 0
7 0 NCT00257179 0
7 0 NCT00265785 0
7 0 NCT00288054 0
7 0 NCT00292552 0
7 0 NCT00294736 0
7 0 NCT00301119 0
7 0 NCT00305617 0
7 0 NCT00315185 0
7 0 NCT00323089 0
7 0 NCT00323869 0
7 0 NCT00339586 1
7 0 NCT00343291 0
7 0 NCT00344773 0
7 0 NCT00364780 0
7 0 NCT00365183 0
7 0 NCT00373425 1
7 0 NCT00385996 0
7 0 NCT00387127 0
7 0 NCT00390429 1
7 0 NCT00392093 0
7 0 NCT00401778 0
7 0 NCT00406276 0
7 0 NCT00420732 0
7 0 NCT00424255 0
7 0 NCT00433407 0
7 0 NCT00436566 0
7 0 NCT00438204 0
7 0 NCT00441220 0
7 0 NCT00442520 1
7 0 NCT00444015 0
7 0 NCT00446225 1
7 0 NCT00450567 0
7 0 NCT00452075 1
7 0 NCT00462995 0
7 0 NCT00471978 0
7 0 NCT00483639 0
7 0 NCT00503971 1
7 0 NCT00504374 0
7 0 NCT00512694 0
7 0 NCT00513591 0
7 0 NCT00522639 0
7 0 NCT00533949 0
7 0 NCT00534027 0
7 0 NCT00540280 0
7 0 NCT00550537 1
7 0 NCT00551850 0
7 0 NCT00556322 1
7 0 NCT00564733 0
7 0 NCT00567359 2
7 0 NCT00570401 1
7 0 NCT00577707 2
7 0 NCT00578084 0
7 0 NCT00578149 0
7 0 NCT00579683 1
7 0 NCT00588445 1
7 0 NCT00600587 1
7 0 NCT00601848 1
7 0 NCT00616499 0
7 0 NCT00620269 0
7 0 NCT00621049 0
7 0 NCT00655928 0
7 0 NCT00659217 0
7 0 NCT00673569 1
7 0 NCT00681512 0
7 0 NCT00693836 0
7 0 NCT00701558 0
7 0 NCT00708916 0
7 0 NCT00709878 0
7 0 NCT00717002 0
7 0 NCT00717847 0
7 0 NCT00723957 0
7 0 NCT00730002 0
7 0 NCT00733252 0
7 0 NCT00738881 0
7 0 NCT00746759 0
7 0 NCT00752076 0
7 0 NCT00752531 0
7 0 NCT00756470 0
7 0 NCT00769652 0
7 0 NCT00774852 0
7 0 NCT00777699 0
7 0 NCT00778167 0
7 0 NCT00779389 0
7 0 NCT00801385 1
7 0 NCT00815971 1
7 0 NCT00818441 1
7 0 NCT00830245 2
7 0 NCT00861627 2
7 0 NCT00874419 2
7 0 NCT00875433 0
7 0 NCT00897143 0
7 0 NCT00897234 0
7 0 NCT00898209 0
7 0 NCT00898313 0
7 0 NCT00899405 0
7 0 NCT00899756 0
7 0 NCT00903292 2
7 0 NCT00905463 0
7 0 NCT00918203 0
7 0 NCT00922584 0
7 0 NCT00923884 0
7 0 NCT00973427 0
7 0 NCT00976300 0
7 0 NCT00976677 1
7 0 NCT00977470 2
7 0 NCT00983307 0
7 0 NCT00985998 0
7 0 NCT00989690 1
7 0 NCT00997230 0
7 0 NCT01004510 0
7 0 NCT01004731 1
7 0 NCT01012401 0
7 0 NCT01023828 0
7 0 NCT01024413 1
7 0 NCT01026025 0
7 0 NCT01026467 0
7 0 NCT01040312 0
7 0 NCT01049776 0
7 0 NCT01058811 0
7 0 NCT01066884 0
7 0 NCT01079481 0
7 0 NCT01081496 0
7 0 NCT01090011 2
7 0 NCT01091376 1
7 0 NCT01100840 0
7 0 NCT01106781 0
7 0 NCT01116219 1
7 0 NCT01124669 1
7 0 NCT01124864 1
7 0 NCT01130285 0
7 0 NCT01137162 0
7 0 NCT01140958 0
7 0 NCT01141686 0
7 0 NCT01141842 0
7 0 NCT01141946 0
7 0 NCT01143545 0
7 0 NCT01147562 0
7 0 NCT01153399 1
7 0 NCT01163058 1
7 0 NCT01167972 1
7 0 NCT01169857 0
7 0 NCT01171924 1
7 0 NCT01184482 1
7 0 NCT01185314 0
7 0 NCT01192256 0
7 0 NCT01193829 2
7 0 NCT01204099 0
7 0 NCT01207986 0
7 0 NCT01218529 0
7 0 NCT01226147 0
7 0 NCT01255150 0
7 0 NCT01258868 0
7 0 NCT01260181 1
7 0 NCT01280448 0
7 0 NCT01287754 1
7 0 NCT01306045 1
7 0 NCT01310036 2
7 0 NCT01312337 1
7 0 NCT01320059 0
7 0 NCT01342965 1
7 0 NCT01359436 0
7 0 NCT01360931 0
7 0 NCT01363557 0
7 0 NCT01372384 1
7 0 NCT01382992 0
7 0 NCT01383408 0
7 0 NCT01385722 0
7 0 NCT01386203 0
7 0 NCT01391260 2
7 0 NCT01399541 0
7 0 NCT01405079 2
7 0 NCT01407822 1
7 0 NCT01415011 2
7 0 NCT01416688 0
7 0 NCT01452971 0
7 0 NCT01454102 1
7 0 NCT01466660 2
7 0 NCT01480141 0
7 0 NCT01487265 2
7 0 NCT01487499 0
7 0 NCT01498562 0
7 0 NCT01499355 0
7 0 NCT01504542 1
7 0 NCT01510067 0
7 0 NCT01514877 1
7 0 NCT01515969 0
7 0 NCT01520155 0
7 0 NCT01522833 1
7 0 NCT01525199 1
7 0 NCT01526928 1
7 0 NCT01528488 0
7 0 NCT01532089 2
7 0 NCT01537991 0
7 0 NCT01542437 1
7 0 NCT01556191 1
7 0 NCT01560104 0
7 0 NCT01562028 2
7 0 NCT01565538 1
7 0 NCT01580332 0
7 0 NCT01580579 0
7 0 NCT01585675 0
7 0 NCT01593995 0
7 0 NCT01595217 0
7 0 NCT01605214 0
7 0 NCT01609543 1
7 0 NCT01619501 0
7 0 NCT01623102 1
7 0 NCT01631136 1
7 0 NCT01646125 1
7 0 NCT01649947 0
7 0 NCT01660087 0
7 0 NCT01663155 0
7 0 NCT01665417 2
7 0 NCT01670786 0
7 0 NCT01683175 2
7 0 NCT01692951 0
7 0 NCT01697163 2
7 0 NCT01700400 0
7 0 NCT01705184 0
7 0 NCT01708954 0
7 0 NCT01710319 0
7 0 NCT01712529 0
7 0 NCT01714908 1
7 0 NCT01717105 2
7 0 NCT01724801 1
7 0 NCT01732276 0
7 0 NCT01746277 0
7 0 NCT01754025 0
7 0 NCT01765842 0
7 0 NCT01767974 0
7 0 NCT01773616 0
7 0 NCT01774578 0
7 0 NCT01774721 2
7 0 NCT01775943 2
7 0 NCT01776684 0
7 0 NCT01788163 0
7 0 NCT01799395 0
7 0 NCT01799980 0
7 0 NCT01802632 2
7 0 NCT01823094 0
7 0 NCT01836133 0
7 0 NCT01852838 0
7 0 NCT01854866 0
7 0 NCT01861223 2
7 0 NCT01863641 0
7 0 NCT01866410 1
7 0 NCT01871480 0
7 0 NCT01885754 0
7 0 NCT01889212 0
7 0 NCT01897480 2
7 0 NCT01914120 0
7 0 NCT01923415 0
7 0 NCT01928160 2
7 0 NCT01928836 0
7 0 NCT01929200 1
7 0 NCT01930474 0
7 0 NCT01932229 1
7 0 NCT01933347 2
7 0 NCT01935336 1
7 0 NCT01949259 0
7 0 NCT01953926 1
7 0 NCT01955343 0
7 0 NCT01955421 2
7 0 NCT01963533 0
7 0 NCT01963715 0
7 0 NCT01967095 1
7 0 NCT01992666 0
7 0 NCT01994057 1
7 0 NCT01998425 0
7 0 NCT01999621 0
7 0 NCT02022995 0
7 0 NCT02025114 2
7 0 NCT02034097 1
7 0 NCT02034344 0
7 0 NCT02040064 2
7 0 NCT02044380 1
7 0 NCT02054078 0
7 0 NCT02055222 0
7 0 NCT02064491 2
7 0 NCT02066038 2
7 0 NCT02066636 2
7 0 NCT02069418 0
7 0 NCT02070497 0
7 0 NCT02084823 0
7 0 NCT02098954 2
7 0 NCT02103257 2
7 0 NCT02113813 2
7 0 NCT02132598 2
7 0 NCT02140333 2
7 0 NCT02146118 1
7 0 NCT02151721 2
7 0 NCT02155465 2
7 0 NCT02161523 0
7 0 NCT02162537 0
7 0 NCT02178397 0
7 0 NCT02185040 0
7 0 NCT02186236 0
7 0 NCT02191891 2
7 0 NCT02192697 1
7 0 NCT02193282 1
7 0 NCT02195076 0
7 0 NCT02206763 2
7 0 NCT02208843 2
7 0 NCT02250326 0
7 0 NCT02272127 1
7 0 NCT02274337 1
7 0 NCT02282267 2
7 0 NCT02284633 1
7 0 NCT02293733 1
7 0 NCT02296125 2
7 0 NCT02297425 2
7 0 NCT02299505 0
7 0 NCT02309177 0
7 0 NCT02311361 0
7 0 NCT02314364 1
7 0 NCT02318368 2
7 0 NCT02319525 0
7 0 NCT02321046 0
7 0 NCT02323464 0
7 0 NCT02331056 0
7 0 NCT02332512 0
7 0 NCT02335944 2
7 0 NCT02338011 2
7 0 NCT02342353 1
7 0 NCT02345174 0
7 0 NCT02349633 2
7 0 NCT02353741 1
7 0 NCT02364999 0
7 0 NCT02365662 0
7 0 NCT02368990 2
7 0 NCT02373917 0
7 0 NCT02374645 2
7 0 NCT02375022 2
7 0 NCT02381808 1
7 0 NCT02393625 0
7 0 NCT02394496 0
7 0 NCT02403193 2
7 0 NCT02404441 0
7 0 NCT02407366 1
7 0 NCT02411448 2
7 0 NCT02416739 2
7 0 NCT02418234 0
7 0 NCT02422628 2
7 0 NCT02437760 0
7 0 NCT02438722 2
7 0 NCT02442349 2
7 0 NCT02450591 2
7 0 NCT02468661 2
7 0 NCT02474355 1
7 0 NCT02475720 1
7 0 NCT02485652 2
7 0 NCT02488694 1
7 0 NCT02491775 2
7 0 NCT02496663 2
7 0 NCT02498613 1
7 0 NCT02500927 2
7 0 NCT02502695 0
7 0 NCT02504489 0
7 0 NCT02504801 0
7 0 NCT02511106 2
7 0 NCT02511847 0
7 0 NCT02513355 0
7 0 NCT02514174 0
7 0 NCT02518802 2
7 0 NCT02519972 0
7 0 NCT02520778 2
7 0 NCT02525757 0
7 0 NCT02526537 2
7 0 NCT02530944 0
7 0 NCT02535338 2
7 0 NCT02535507 0
7 0 NCT02538471 0
7 0 NCT02540499 0
7 0 NCT02554591 0
7 0 NCT02570815 0
7 0 NCT02575560 1
7 0 NCT02583282 0
7 0 NCT02584322 0
7 0 NCT02588261 2
7 0 NCT02597738 0
7 0 NCT02603003 0
7 0 NCT02611570 0
7 0 NCT02613637 0
7 0 NCT02616393 1
7 0 NCT02618590 1
7 0 NCT02625168 1
7 0 NCT02629523 2
7 0 NCT02630186 0
7 0 NCT02630615 0
7 0 NCT02633189 2
7 0 NCT02646020 0
7 0 NCT02648490 0
7 0 NCT02655536 2
7 0 NCT02656082 0
7 0 NCT02657460 0
7 0 NCT02665078 0
7 0 NCT02666105 0
7 0 NCT02666755 0
7 0 NCT02677688 0
7 0 NCT02695290 2
7 0 NCT02695849 0
7 0 NCT02705339 2
7 0 NCT02710396 0
7 0 NCT02716116 2
7 0 NCT02716311 2
7 0 NCT02717221 2
7 0 NCT02718651 0
7 0 NCT02729051 0
7 0 NCT02730247 0
7 0 NCT02737774 1
7 0 NCT02738593 0
7 0 NCT02740894 0
7 0 NCT02747953 1
7 0 NCT02755454 0
7 0 NCT02757092 0
7 0 NCT02764866 0
7 0 NCT02769286 2
7 0 NCT02770014 1
7 0 NCT02771314 2
7 0 NCT02771470 0
7 0 NCT02774278 0
7 0 NCT02777567 1
7 0 NCT02777658 2
7 0 NCT02788058 2
7 0 NCT02788669 0
7 0 NCT02793713 0
7 0 NCT02795884 2
7 0 NCT02803203 1
7 0 NCT02803619 1
7 0 NCT02804100 0
7 0 NCT02804217 0
7 0 NCT02804646 0
7 0 NCT02804776 0
7 0 NCT02805062 0
7 0 NCT02805530 1
7 0 NCT02811354 2
7 0 NCT02815007 1
7 0 NCT02819596 0
7 0 NCT02824458 2
7 0 NCT02827344 0
7 0 NCT02833467 0
7 0 NCT02839681 1
7 0 NCT02839707 0
7 0 NCT02841579 2
7 0 NCT02846103 0
7 0 NCT02847377 0
7 0 NCT02852629 0
7 0 NCT02853006 0
7 0 NCT02856893 2
7 0 NCT02876081 0
7 0 NCT02886195 2
7 0 NCT02888743 0
7 0 NCT02891733 0
7 0 NCT02893332 2
7 0 NCT02899754 0
7 0 NCT02906150 1
7 0 NCT02914990 2
7 0 NCT02916329 0
7 0 NCT02917993 2
7 0 NCT02930954 2
7 0 NCT02942043 0
7 0 NCT02949843 1
7 0 NCT02954523 2
7 0 NCT02954809 0
7 0 NCT02959749 1
7 0 NCT02961270 0
7 0 NCT02971501 2
7 0 NCT02973763 2
7 0 NCT02989974 0
7 0 NCT02999672 0
7 0 NCT03042221 2
7 0 NCT03050411 0
7 0 NCT03054038 1
7 0 NCT03057340 0
7 0 NCT03066206 1
7 0 NCT03071705 1
7 0 NCT03074513 0
7 0 NCT03076164 1
7 0 NCT03082300 1
7 0 NCT03084692 0
7 0 NCT03087448 0
7 0 NCT03090815 0
22 0 NCT00000395 0
22 0 NCT00002822 0
22 0 NCT00003002 1
22 0 NCT00003090 0
22 0 NCT00003159 0
22 0 NCT00003284 0
22 0 NCT00003329 0
22 0 NCT00003440 0
22 0 NCT00003881 2
22 0 NCT00004883 2
22 0 NCT00004930 0
22 0 NCT00005023 1
22 0 NCT00005850 0
22 0 NCT00005926 0
22 0 NCT00006017 0
22 0 NCT00006382 0
22 0 NCT00014430 0
22 0 NCT00016367 2
22 0 NCT00019006 0
22 0 NCT00019201 0
22 0 NCT00020202 0
22 0 NCT00024076 0
22 0 NCT00037817 0
22 0 NCT00038402 0
22 0 NCT00040794 0
22 0 NCT00049283 0
22 0 NCT00050960 0
22 0 NCT00050973 0
22 0 NCT00055926 0
22 0 NCT00059605 0
22 0 NCT00062335 0
22 0 NCT00063154 2
22 0 NCT00066404 0
22 0 NCT00073008 2
22 0 NCT00073398 0
22 0 NCT00073528 0
22 0 NCT00075270 0
22 0 NCT00075517 0
22 0 NCT00077064 0
22 0 NCT00084409 0
22 0 NCT00085202 0
22 0 NCT00088556 0
22 0 NCT00089999 0
22 0 NCT00090961 0
22 0 NCT00095563 0
22 0 NCT00095667 0
22 0 NCT00095940 0
22 0 NCT00098605 0
22 0 NCT00100854 0
22 0 NCT00102505 0
22 0 NCT00105950 0
22 0 NCT00107172 0
22 0 NCT00117962 0
22 0 NCT00118456 1
22 0 NCT00123747 0
22 0 NCT00126607 0
22 0 NCT00128622 0
22 0 NCT00134680 0
22 0 NCT00146172 1
22 0 NCT00148668 0
22 0 NCT00148681 0
22 0 NCT00155116 0
22 0 NCT00162929 0
22 0 NCT00173680 0
22 0 NCT00178256 0
22 0 NCT00180856 0
22 0 NCT00188162 0
22 0 NCT00193336 0
22 0 NCT00193453 0
22 0 NCT00199212 0
22 0 NCT00206427 0
22 0 NCT00218179 0
22 0 NCT00224406 0
22 0 NCT00228358 1
22 0 NCT00239200 0
22 0 NCT00242723 0
22 0 NCT00250848 0
22 0 NCT00250874 0
22 0 NCT00251433 0
22 0 NCT00252070 0
22 0 NCT00253383 0
22 0 NCT00257179 0
22 0 NCT00263588 0
22 0 NCT00263731 0
22 0 NCT00268970 0
22 0 NCT00272987 0
22 0 NCT00278902 1
22 0 NCT00280202 0
22 0 NCT00281658 0
22 0 NCT00294762 2
22 0 NCT00301119 0
22 0 NCT00301730 0
22 0 NCT00305617 0
22 0 NCT00313599 1
22 0 NCT00316875 0
22 0 NCT00320385 0
22 0 NCT00323089 0
22 0 NCT00336765 1
22 0 NCT00338247 0
22 0 NCT00340340 0
22 0 NCT00340405 0
22 0 NCT00341835 0
22 0 NCT00347919 0
22 0 NCT00356811 0
22 0 NCT00359190 0
22 0 NCT00362973 0
22 0 NCT00364624 0
22 0 NCT00364780 2
22 0 NCT00365183 0
22 0 NCT00367471 0
22 0 NCT00369655 0
22 0 NCT00371345 0
22 0 NCT00371566 0
22 0 NCT00387127 0
22 0 NCT00388206 0
22 0 NCT00398567 0
22 0 NCT00399529 0
22 0 NCT00404066 0
22 0 NCT00406276 0
22 0 NCT00411047 2
22 0 NCT00418080 0
22 0 NCT00420732 0
22 0 NCT00433407 1
22 0 NCT00437073 0
22 0 NCT00445458 1
22 0 NCT00447226 0
22 0 NCT00450281 2
22 0 NCT00450567 0
22 0 NCT00462956 0
22 0 NCT00470704 0
22 0 NCT00471978 0
22 0 NCT00477464 0
22 0 NCT00477919 0
22 0 NCT00479856 0
22 0 NCT00486954 0
22 0 NCT00487760 0
22 0 NCT00490139 0
22 0 NCT00495924 0
22 0 NCT00496366 0
22 0 NCT00498953 0
22 0 NCT00504374 0
22 0 NCT00508274 0
22 0 NCT00515411 0
22 0 NCT00520975 0
22 0 NCT00524303 0
22 0 NCT00530634 2
22 0 NCT00531076 0
22 0 NCT00536809 0
22 0 NCT00540280 0
22 0 NCT00543504 0
22 0 NCT00549328 2
22 0 NCT00553358 0
22 0 NCT00555152 0
22 0 NCT00558103 0
22 0 NCT00568906 0
22 0 NCT00576654 1
22 0 NCT00577031 0
22 0 NCT00578084 0
22 0 NCT00579683 2
22 0 NCT00591838 0
22 0 NCT00610844 0
22 0 NCT00632541 0
22 0 NCT00639067 0
22 0 NCT00642473 0
22 0 NCT00650910 0
22 0 NCT00655928 0
22 0 NCT00667251 0
22 0 NCT00673569 2
22 0 NCT00675168 0
22 0 NCT00676507 0
22 0 NCT00680901 0
22 0 NCT00681512 0
22 0 NCT00682279 0
22 0 NCT00684983 0
22 0 NCT00693836 0
22 0 NCT00704392 0
22 0 NCT00709618 0
22 0 NCT00726180 0
22 0 NCT00728793 1
22 0 NCT00729742 2
22 0 NCT00730925 2
22 0 NCT00732745 0
22 0 NCT00732810 1
22 0 NCT00733252 0
22 0 NCT00737867 0
22 0 NCT00746759 0
22 0 NCT00748553 0
22 0 NCT00748709 0
22 0 NCT00752076 2
22 0 NCT00758134 2
22 0 NCT00769652 0
22 0 NCT00777101 0
22 0 NCT00818441 2
22 0 NCT00818675 0
22 0 NCT00820222 0
22 0 NCT00821054 0
22 0 NCT00826033 0
22 0 NCT00830284 0
22 0 NCT00841191 0
22 0 NCT00843531 0
22 0 NCT00843726 0
22 0 NCT00849329 0
22 0 NCT00863122 0
22 0 NCT00863512 0
22 0 NCT00874146 0
22 0 NCT00886678 0
22 0 NCT00889954 1
22 0 NCT00890617 0
22 0 NCT00896909 2
22 0 NCT00897143 0
22 0 NCT00897234 0
22 0 NCT00897533 0
22 0 NCT00897650 0
22 0 NCT00898209 0
22 0 NCT00898313 0
22 0 NCT00898573 0
22 0 NCT00900328 2
22 0 NCT00900419 0
22 0 NCT00905463 0
22 0 NCT00912275 0
22 0 NCT00912340 0
22 0 NCT00918203 0
22 0 NCT00923884 0
22 0 NCT00934076 2
22 0 NCT00939523 0
22 0 NCT00952692 0
22 0 NCT00956852 0
22 0 NCT00959946 0
22 0 NCT00962312 0
22 0 NCT00963547 1
22 0 NCT00970125 0
22 0 NCT00971191 2
22 0 NCT00971737 0
22 0 NCT00973427 0
22 0 NCT00973739 0
22 0 NCT00974610 0
22 0 NCT00997334 2
22 0 NCT01004172 0
22 0 NCT01004224 0
22 0 NCT01004510 0
22 0 NCT01012401 0
22 0 NCT01023828 2
22 0 NCT01026467 0
22 0 NCT01040312 0
22 0 NCT01049776 0
22 0 NCT01050322 1
22 0 NCT01058811 0
22 0 NCT01064349 0
22 0 NCT01068587 2
22 0 NCT01077492 0
22 0 NCT01079481 0
22 0 NCT01091376 1
22 0 NCT01100840 2
22 0 NCT01111825 0
22 0 NCT01121588 0
22 0 NCT01130285 0
22 0 NCT01133912 0
22 0 NCT01137994 0
22 0 NCT01138046 0
22 0 NCT01140958 1
22 0 NCT01141686 1
22 0 NCT01141842 0
22 0 NCT01141946 0
22 0 NCT01143545 0
22 0 NCT01147016 0
22 0 NCT01147211 1
22 0 NCT01147562 0
22 0 NCT01147965 0
22 0 NCT01152437 0
22 0 NCT01160094 0
22 0 NCT01163058 1
22 0 NCT01171924 1
22 0 NCT01184482 1
22 0 NCT01192256 0
22 0 NCT01192815 0
22 0 NCT01193959 0
22 0 NCT01194635 0
22 0 NCT01205217 0
22 0 NCT01207986 0
22 0 NCT01210053 0
22 0 NCT01217411 0
22 0 NCT01241929 0
22 0 NCT01248897 0
22 0 NCT01255150 1
22 0 NCT01258868 0
22 0 NCT01273207 0
22 0 NCT01306045 2
22 0 NCT01309607 0
22 0 NCT01317615 0
22 0 NCT01320280 0
22 0 NCT01320787 0
22 0 NCT01326468 0
22 0 NCT01357863 0
22 0 NCT01358942 0
22 0 NCT01360931 1
22 0 NCT01362842 0
22 0 NCT01367028 0
22 0 NCT01369992 0
22 0 NCT01380639 0
22 0 NCT01383408 0
22 0 NCT01385722 0
22 0 NCT01386203 0
22 0 NCT01386580 0
22 0 NCT01390818 0
22 0 NCT01392352 0
22 0 NCT01398124 0
22 0 NCT01399541 0
22 0 NCT01405586 0
22 0 NCT01409343 1
22 0 NCT01414933 0
22 0 NCT01415674 0
22 0 NCT01416688 0
22 0 NCT01427322 0
22 0 NCT01439191 0
22 0 NCT01445054 0
22 0 NCT01452971 0
22 0 NCT01454479 0
22 0 NCT01454804 0
22 0 NCT01457846 0
22 0 NCT01458067 0
22 0 NCT01459614 0
22 0 NCT01461057 0
22 0 NCT01465802 2
22 0 NCT01470742 0
22 0 NCT01480141 0
22 0 NCT01494688 0
22 0 NCT01494883 0
22 0 NCT01498055 0
22 0 NCT01505400 1
22 0 NCT01522833 0
22 0 NCT01523340 0
22 0 NCT01533727 0
22 0 NCT01542437 2
22 0 NCT01556191 2
22 0 NCT01569412 1
22 0 NCT01574300 0
22 0 NCT01580332 0
22 0 NCT01580579 0
22 0 NCT01585675 0
22 0 NCT01588145 0
22 0 NCT01588821 0
22 0 NCT01595217 0
22 0 NCT01596374 0
22 0 NCT01605214 0
22 0 NCT01614522 0
22 0 NCT01617915 1
22 0 NCT01619501 0
22 0 NCT01638533 0
22 0 NCT01642342 0
22 0 NCT01658358 0
22 0 NCT01660087 0
22 0 NCT01663155 0
22 0 NCT01670786 0
22 0 NCT01679327 0
22 0 NCT01679743 1
22 0 NCT01687946 0
22 0 NCT01692951 0
22 0 NCT01697163 0
22 0 NCT01700400 0
22 0 NCT01700647 0
22 0 NCT01702285 0
22 0 NCT01705834 0
22 0 NCT01710319 0
22 0 NCT01719549 0
22 0 NCT01723800 0
22 0 NCT01725165 0
22 0 NCT01730118 0
22 0 NCT01730677 0
22 0 NCT01737502 0
22 0 NCT01741493 0
22 0 NCT01761747 0
22 0 NCT01774578 0
22 0 NCT01775943 0
22 0 NCT01776684 0
22 0 NCT01779050 0
22 0 NCT01785420 0
22 0 NCT01795768 0
22 0 NCT01796782 0
22 0 NCT01799395 0
22 0 NCT01799980 0
22 0 NCT01814345 0
22 0 NCT01818973 0
22 0 NCT01823094 0
22 0 NCT01827267 2
22 0 NCT01827787 0
22 0 NCT01831726 0
22 0 NCT01832051 0
22 0 NCT01836679 0
22 0 NCT01846143 0
22 0 NCT01848756 1
22 0 NCT01854866 0
22 0 NCT01862081 1
22 0 NCT01871480 0
22 0 NCT01884168 0
22 0 NCT01885754 0
22 0 NCT01888510 0
22 0 NCT01901653 0
22 0 NCT01904903 0
22 0 NCT01906632 0
22 0 NCT01911936 0
22 0 NCT01914120 0
22 0 NCT01922583 2
22 0 NCT01924416 0
22 0 NCT01928836 0
22 0 NCT01930474 0
22 0 NCT01932229 0
22 0 NCT01933932 0
22 0 NCT01935739 0
22 0 NCT01935843 1
22 0 NCT01936571 0
22 0 NCT01941303 0
22 0 NCT01948141 0
22 0 NCT01949181 0
22 0 NCT01949259 0
22 0 NCT01953926 1
22 0 NCT01955057 0
22 0 NCT01955343 0
22 0 NCT01963533 0
22 0 NCT01982149 0
22 0 NCT01982955 0
22 0 NCT01998425 0
22 0 NCT01998906 0
22 0 NCT01999621 0
22 0 NCT02002416 0
22 0 NCT02004769 0
22 0 NCT02014324 0
22 0 NCT02025192 0
22 0 NCT02034097 0
22 0 NCT02047747 1
22 0 NCT02054078 0
22 0 NCT02054104 0
22 0 NCT02055170 0
22 0 NCT02060253 0
22 0 NCT02060669 0
22 0 NCT02063633 0
22 0 NCT02070497 0
22 0 NCT02084823 0
22 0 NCT02086071 0
22 0 NCT02091141 1
22 0 NCT02109016 0
22 0 NCT02109653 0
22 0 NCT02110329 0
22 0 NCT02117817 1
22 0 NCT02132598 0
22 0 NCT02134015 1
22 0 NCT02139358 0
22 0 NCT02144012 0
22 0 NCT02152059 0
22 0 NCT02152943 1
22 0 NCT02157857 0
22 0 NCT02161523 0
22 0 NCT02171286 1
22 0 NCT02189174 0
22 0 NCT02195076 0
22 0 NCT02202655 0
22 0 NCT02208583 0
22 0 NCT02219711 0
22 0 NCT02226757 2
22 0 NCT02238509 0
22 0 NCT02250326 0
22 0 NCT02252796 0
22 0 NCT02258607 0
22 0 NCT02259218 0
22 0 NCT02274012 0
22 0 NCT02274753 0
22 0 NCT02281214 2
22 0 NCT02283320 0
22 0 NCT02286219 1
22 0 NCT02289833 2
22 0 NCT02293005 0
22 0 NCT02296125 0
22 0 NCT02297425 0
22 0 NCT02299505 0
22 0 NCT02300831 0
22 0 NCT02303041 0
22 0 NCT02314364 0
22 0 NCT02314481 2
22 0 NCT02321046 0
22 0 NCT02323464 0
22 0 NCT02331056 0
22 0 NCT02335944 0
22 0 NCT02336984 0
22 0 NCT02342587 1
22 0 NCT02348281 0
22 0 NCT02362204 0
22 0 NCT02369484 2
22 0 NCT02373917 0
22 0 NCT02379091 0
22 0 NCT02380131 0
22 0 NCT02389842 1
22 0 NCT02393378 0
22 0 NCT02393833 0
22 0 NCT02394496 0
22 0 NCT02396108 0
22 0 NCT02418234 0
22 0 NCT02431962 0
22 0 NCT02435121 0
22 0 NCT02437760 0
22 0 NCT02442349 0
22 0 NCT02450656 2
22 0 NCT02465060 1
22 0 NCT02473653 0
22 0 NCT02474355 0
22 0 NCT02475720 0
22 0 NCT02485652 0
22 0 NCT02493114 0
22 0 NCT02494596 0
22 0 NCT02498613 1
22 0 NCT02499614 0
22 0 NCT02500199 1
22 0 NCT02501603 0
22 0 NCT02502695 0
22 0 NCT02503722 0
22 0 NCT02504801 0
22 0 NCT02506556 0
22 0 NCT02515760 0
22 0 NCT02519972 0
22 0 NCT02535507 2
22 0 NCT02540499 0
22 0 NCT02542137 0
22 0 NCT02544477 0
22 0 NCT02577627 0
22 0 NCT02587689 0
22 0 NCT02593708 1
22 0 NCT02595450 0
22 0 NCT02597738 0
22 0 NCT02603003 0
22 0 NCT02609958 0
22 0 NCT02612532 0
22 0 NCT02613637 0
22 0 NCT02616393 0
22 0 NCT02618590 0
22 0 NCT02619448 0
22 0 NCT02623257 0
22 0 NCT02625168 0
22 0 NCT02630615 0
22 0 NCT02643823 0
22 0 NCT02645318 0
22 0 NCT02646319 0
22 0 NCT02657460 0
22 0 NCT02666755 0
22 0 NCT02671045 0
22 0 NCT02675829 1
22 0 NCT02676050 0
22 0 NCT02693535 1
22 0 NCT02711657 0
22 0 NCT02713984 1
22 0 NCT02716116 2
22 0 NCT02716311 0
22 0 NCT02718651 0
22 0 NCT02728492 0
22 0 NCT02732834 0
22 0 NCT02740894 0
22 0 NCT02747953 0
22 0 NCT02755454 0
22 0 NCT02757092 0
22 0 NCT02764606 0
22 0 NCT02771314 2
22 0 NCT02771470 0
22 0 NCT02777567 0
22 0 NCT02777658 2
22 0 NCT02780687 0
22 0 NCT02786589 0
22 0 NCT02786602 0
22 0 NCT02788669 0
22 0 NCT02793713 0
22 0 NCT02803619 0
22 0 NCT02804217 0
22 0 NCT02804776 0
22 0 NCT02805062 0
22 0 NCT02805530 0
22 0 NCT02824094 0
22 0 NCT02827357 2
22 0 NCT02833467 0
22 0 NCT02834936 2
22 0 NCT02846103 0
22 0 NCT02852096 0
22 0 NCT02853006 0
22 0 NCT02867852 0
22 0 NCT02876081 2
22 0 NCT02891733 2
22 0 NCT02892123 1
22 0 NCT02893085 0
22 0 NCT02895503 0
22 0 NCT02899754 0
22 0 NCT02901301 0
22 0 NCT02906280 0
22 0 NCT02912949 1
22 0 NCT02946359 0
22 0 NCT02949843 2
22 0 NCT02952729 1
22 0 NCT02961270 0
22 0 NCT02965391 0
22 0 NCT02975141 0
22 0 NCT02975752 0
22 0 NCT02977845 0
22 0 NCT02979821 2
22 0 NCT02980536 0
22 0 NCT02989974 0
22 0 NCT03044795 0
22 0 NCT03057340 0
22 0 NCT03061305 1
22 0 NCT03066297 0
22 0 NCT03071705 0
22 0 NCT03081741 0
22 0 NCT03084692 0
22 0 NCT03086733 0
22 0 NCT03090815 0
22 0 NCT03090880 0
22 0 NCT03106155 0
25 0 NCT00000606 0
25 0 NCT00000621 0
25 0 NCT00002550 0
25 0 NCT00002624 0
25 0 NCT00002822 0
25 0 NCT00002999 0
25 0 NCT00003002 0
25 0 NCT00003104 0
25 0 NCT00003159 0
25 0 NCT00003235 0
25 0 NCT00003284 0
25 0 NCT00003491 0
25 0 NCT00003526 0
25 0 NCT00003831 0
25 0 NCT00004138 0
25 0 NCT00004178 0
25 0 NCT00005666 0
25 0 NCT00005850 0
25 0 NCT00006017 0
25 0 NCT00020202 0
25 0 NCT00024076 0
25 0 NCT00024492 0
25 0 NCT00024687 0
25 0 NCT00034541 0
25 0 NCT00040794 0
25 0 NCT00041262 0
25 0 NCT00046527 0
25 0 NCT00046540 0
25 0 NCT00048633 0
25 0 NCT00050960 0
25 0 NCT00050973 0
25 0 NCT00059605 0
25 0 NCT00062335 0
25 0 NCT00073398 0
25 0 NCT00085852 0
25 0 NCT00087412 0
25 0 NCT00090961 0
25 0 NCT00101972 0
25 0 NCT00103207 0
25 0 NCT00117351 0
25 0 NCT00119171 0
25 0 NCT00125710 0
25 0 NCT00126581 0
25 0 NCT00129844 0
25 0 NCT00136513 0
25 0 NCT00136578 0
25 0 NCT00137839 0
25 0 NCT00159341 0
25 0 NCT00162110 0
25 0 NCT00169520 0
25 0 NCT00173524 0
25 0 NCT00194129 0
25 0 NCT00198380 0
25 0 NCT00202878 0
25 0 NCT00205907 0
25 0 NCT00205920 0
25 0 NCT00207337 0
25 0 NCT00209079 0
25 0 NCT00230178 0
25 0 NCT00246181 0
25 0 NCT00260871 0
25 0 NCT00262847 0
25 0 NCT00280202 0
25 0 NCT00284141 0
25 0 NCT00305617 0
25 0 NCT00339586 0
25 0 NCT00347659 0
25 0 NCT00365391 0
25 0 NCT00369551 0
25 0 NCT00379769 0
25 0 NCT00411047 0
25 0 NCT00416429 0
25 0 NCT00423735 0
25 0 NCT00430261 0
25 0 NCT00450281 0
25 0 NCT00454194 0
25 0 NCT00455936 0
25 0 NCT00456716 0
25 0 NCT00460356 0
25 0 NCT00466960 0
25 0 NCT00475007 0
25 0 NCT00495924 0
25 0 NCT00507091 0
25 0 NCT00511485 0
25 0 NCT00515164 0
25 0 NCT00517998 0
25 0 NCT00531076 0
25 0 NCT00532805 0
25 0 NCT00557115 0
25 0 NCT00566839 0
25 0 NCT00566995 0
25 0 NCT00570401 0
25 0 NCT00579683 0
25 0 NCT00585195 1
25 0 NCT00585845 0
25 0 NCT00586443 0
25 0 NCT00591838 0
25 0 NCT00601796 0
25 0 NCT00613730 0
25 0 NCT00613860 0
25 0 NCT00630227 0
25 0 NCT00632203 0
25 0 NCT00640484 0
25 0 NCT00640861 0
25 0 NCT00654186 0
25 0 NCT00675454 0
25 0 NCT00684892 0
25 0 NCT00697632 1
25 0 NCT00707252 0
25 0 NCT00716456 0
25 0 NCT00730301 0
25 0 NCT00756639 0
25 0 NCT00782535 0
25 0 NCT00788957 0
25 0 NCT00810017 0
25 0 NCT00813384 1
25 0 NCT00818441 0
25 0 NCT00823927 0
25 0 NCT00858520 0
25 0 NCT00862173 0
25 0 NCT00869544 0
25 0 NCT00870857 0
25 0 NCT00874497 0
25 0 NCT00883480 0
25 0 NCT00890617 0
25 0 NCT00897533 0
25 0 NCT00898573 0
25 0 NCT00899093 0
25 0 NCT00900328 1
25 0 NCT00925171 0
25 0 NCT00935779 0
25 0 NCT00940069 0
25 0 NCT00955695 0
25 0 NCT00973427 0
25 0 NCT00974064 0
25 0 NCT00989651 0
25 0 NCT00995852 0
25 0 NCT00996892 0
25 0 NCT00997334 1
25 0 NCT01003899 0
25 0 NCT01014286 0
25 0 NCT01014442 0
25 0 NCT01022723 0
25 0 NCT01023828 0
25 0 NCT01026467 0
25 0 NCT01039207 0
25 0 NCT01039948 0
25 0 NCT01041586 0
25 0 NCT01049776 0
25 0 NCT01051258 0
25 0 NCT01051934 0
25 0 NCT01068587 1
25 0 NCT01068977 0
25 0 NCT01074411 0
25 0 NCT01100840 0
25 0 NCT01101451 0
25 0 NCT01101958 0
25 0 NCT01102712 0
25 0 NCT01106781 0
25 0 NCT01110083 0
25 0 NCT01110252 0
25 0 NCT01121367 0
25 0 NCT01121588 0
25 0 NCT01141686 1
25 0 NCT01147211 0
25 0 NCT01163058 0
25 0 NCT01167972 0
25 0 NCT01180153 0
25 0 NCT01181466 0
25 0 NCT01191099 0
25 0 NCT01193270 0
25 0 NCT01193881 0
25 0 NCT01194635 0
25 0 NCT01218516 0
25 0 NCT01220908 0
25 0 NCT01229020 0
25 0 NCT01237171 0
25 0 NCT01244191 0
25 0 NCT01246960 0
25 0 NCT01249053 0
25 0 NCT01249066 0
25 0 NCT01275651 0
25 0 NCT01300429 0
25 0 NCT01306513 0
25 0 NCT01320566 0
25 0 NCT01321411 0
25 0 NCT01326572 0
25 0 NCT01334307 0
25 0 NCT01360931 0
25 0 NCT01362790 0
25 0 NCT01372813 0
25 0 NCT01385722 0
25 0 NCT01391533 1
25 0 NCT01395758 0
25 0 NCT01415739 0
25 0 NCT01421082 0
25 0 NCT01431625 0
25 0 NCT01441128 1
25 0 NCT01449175 0
25 0 NCT01449292 0
25 0 NCT01456325 1
25 0 NCT01457846 0
25 0 NCT01472016 1
25 0 NCT01480141 0
25 0 NCT01482585 0
25 0 NCT01497457 0
25 0 NCT01502202 0
25 0 NCT01519414 0
25 0 NCT01519804 0
25 0 NCT01520064 0
25 0 NCT01520740 0
25 0 NCT01523340 1
25 0 NCT01525199 0
25 0 NCT01542437 0
25 0 NCT01546428 0
25 0 NCT01558011 0
25 0 NCT01561456 0
25 0 NCT01564329 0
25 0 NCT01565538 0
25 0 NCT01575522 0
25 0 NCT01578551 0
25 0 NCT01578668 0
25 0 NCT01588704 0
25 0 NCT01590719 0
25 0 NCT01602510 0
25 0 NCT01606878 0
25 0 NCT01611857 0
25 0 NCT01635595 0
25 0 NCT01639508 1
25 0 NCT01640288 0
25 0 NCT01657214 1
25 0 NCT01665417 0
25 0 NCT01668823 0
25 0 NCT01682018 0
25 0 NCT01682850 0
25 0 NCT01687946 0
25 0 NCT01688973 0
25 0 NCT01697163 1
25 0 NCT01708954 0
25 0 NCT01719263 0
25 0 NCT01725165 0
25 0 NCT01726465 0
25 0 NCT01728662 0
25 0 NCT01744093 0
25 0 NCT01749384 0
25 0 NCT01758055 0
25 0 NCT01773018 0
25 0 NCT01774526 0
25 0 NCT01776684 0
25 0 NCT01791374 0
25 0 NCT01795768 0
25 0 NCT01796392 0
25 0 NCT01811212 0
25 0 NCT01817023 0
25 0 NCT01819363 0
25 0 NCT01819428 0
25 0 NCT01822795 0
25 0 NCT01824966 0
25 0 NCT01827852 0
25 0 NCT01829217 0
25 0 NCT01832506 0
25 0 NCT01834170 0
25 0 NCT01835184 0
25 0 NCT01836133 0
25 0 NCT01851096 0
25 0 NCT01855854 0
25 0 NCT01860898 0
25 0 NCT01861301 0
25 0 NCT01866410 1
25 0 NCT01869205 0
25 0 NCT01871480 0
25 0 NCT01874938 0
25 0 NCT01877083 0
25 0 NCT01880957 0
25 0 NCT01908933 0
25 0 NCT01911507 1
25 0 NCT01922583 0
25 0 NCT01932229 0
25 0 NCT01935336 0
25 0 NCT01935934 0
25 0 NCT01942629 0
25 0 NCT01945021 0
25 0 NCT01946100 0
25 0 NCT01949181 0
25 0 NCT01964157 0
25 0 NCT01969734 0
25 0 NCT01970540 0
25 0 NCT01974258 0
25 0 NCT01982955 1
25 0 NCT01986595 0
25 0 NCT01997775 0
25 0 NCT02002416 0
25 0 NCT02006576 0
25 0 NCT02008383 0
25 0 NCT02010047 0
25 0 NCT02011997 0
25 0 NCT02014831 0
25 0 NCT02016534 1
25 0 NCT02022683 0
25 0 NCT02025205 0
25 0 NCT02034097 0
25 0 NCT02034981 1
25 0 NCT02042105 0
25 0 NCT02044601 0
25 0 NCT02056158 0
25 0 NCT02077062 0
25 0 NCT02080650 0
25 0 NCT02093000 0
25 0 NCT02096666 1
25 0 NCT02098954 1
25 0 NCT02100800 0
25 0 NCT02103257 0
25 0 NCT02115373 0
25 0 NCT02121925 0
25 0 NCT02125240 0
25 0 NCT02132143 0
25 0 NCT02132598 1
25 0 NCT02134912 0
25 0 NCT02137343 0
25 0 NCT02142803 0
25 0 NCT02146170 0
25 0 NCT02183870 0
25 0 NCT02186847 0
25 0 NCT02206334 0
25 0 NCT02207504 0
25 0 NCT02207985 0
25 0 NCT02219711 1
25 0 NCT02239432 0
25 0 NCT02252913 0
25 0 NCT02276027 1
25 0 NCT02283424 0
25 0 NCT02284490 0
25 0 NCT02291510 0
25 0 NCT02295761 0
25 0 NCT02296125 0
25 0 NCT02296879 1
25 0 NCT02303977 0
25 0 NCT02321046 0
25 0 NCT02323126 1
25 0 NCT02335944 1
25 0 NCT02344810 0
25 0 NCT02374645 0
25 0 NCT02382367 0
25 0 NCT02394548 0
25 0 NCT02399566 0
25 0 NCT02419287 0
25 0 NCT02435108 0
25 0 NCT02435121 1
25 0 NCT02439528 0
25 0 NCT02447380 0
25 0 NCT02447406 1
25 0 NCT02449551 0
25 0 NCT02450591 0
25 0 NCT02451553 0
25 0 NCT02475720 0
25 0 NCT02485652 0
25 0 NCT02493582 0
25 0 NCT02497586 0
25 0 NCT02498613 0
25 0 NCT02499614 1
25 0 NCT02502240 0
25 0 NCT02510001 0
25 0 NCT02511288 0
25 0 NCT02513667 0
25 0 NCT02515773 0
25 0 NCT02518802 0
25 0 NCT02544633 1
25 0 NCT02551653 0
25 0 NCT02554591 0
25 0 NCT02580708 0
25 0 NCT02608411 0
25 0 NCT02621333 0
25 0 NCT02625168 0
25 0 NCT02638909 0
25 0 NCT02648724 1
25 0 NCT02650375 1
25 0 NCT02664935 0
25 0 NCT02668393 0
25 0 NCT02676050 0
25 0 NCT02682147 0
25 0 NCT02691871 0
25 0 NCT02701907 0
25 0 NCT02704767 0
25 0 NCT02705144 0
25 0 NCT02706691 0
25 0 NCT02716311 0
25 0 NCT02736643 0
25 0 NCT02737774 0
25 0 NCT02738684 0
25 0 NCT02741778 0
25 0 NCT02747953 0
25 0 NCT02750215 1
25 0 NCT02755675 0
25 0 NCT02758587 0
25 0 NCT02759640 0
25 0 NCT02759835 0
25 0 NCT02761057 0
25 0 NCT02777567 0
25 0 NCT02777658 0
25 0 NCT02778802 0
25 0 NCT02781337 0
25 0 NCT02788669 0
25 0 NCT02791334 0
25 0 NCT02803619 0
25 0 NCT02804217 0
25 0 NCT02804646 0
25 0 NCT02805530 0
25 0 NCT02810262 0
25 0 NCT02812680 0
25 0 NCT02839681 0
25 0 NCT02843711 0
25 0 NCT02864992 1
25 0 NCT02865616 0
25 0 NCT02879773 0
25 0 NCT02891733 0
25 0 NCT02898857 0
25 0 NCT02912949 0
25 0 NCT02917629 0
25 0 NCT02920996 1
25 0 NCT02921308 0
25 0 NCT02926638 0
25 0 NCT02929290 0
25 0 NCT02935049 0
25 0 NCT02941003 0
25 0 NCT02946216 0
25 0 NCT02946359 2
25 0 NCT02949843 1
25 0 NCT02951637 0
25 0 NCT02951897 0
25 0 NCT02952729 0
25 0 NCT02975752 0
25 0 NCT02976090 0
25 0 NCT02978261 0
25 0 NCT02979821 0
25 0 NCT02980536 0
25 0 NCT02980991 0
25 0 NCT03000179 0
25 0 NCT03010592 0
25 0 NCT03026439 0
25 0 NCT03029065 0
25 0 NCT03036189 0
25 0 NCT03042221 0
25 0 NCT03059641 0
25 0 NCT03066297 0
25 0 NCT03071705 0
25 0 NCT03076164 0
25 0 NCT03087708 0
25 0 NCT03088930 1
25 0 NCT03090815 0
28 0 NCT00001431 0
28 0 NCT00003018 0
28 0 NCT00003025 0
28 0 NCT00004074 0
28 0 NCT00005832 0
28 0 NCT00010062 0
28 0 NCT00010088 0
28 0 NCT00027521 0
28 0 NCT00058201 0
28 0 NCT00075452 0
28 0 NCT00079365 0
28 0 NCT00083018 0
28 0 NCT00084383 0
28 0 NCT00132704 0
28 0 NCT00179751 0
28 0 NCT00181766 0
28 0 NCT00185744 0
28 0 NCT00202800 0
28 0 NCT00206427 0
28 0 NCT00226746 0
28 0 NCT00266097 0
28 0 NCT00305760 0
28 0 NCT00307723 0
28 0 NCT00359320 0
28 0 NCT00369460 0
28 0 NCT00397384 0
28 0 NCT00419627 0
28 0 NCT00425360 0
28 0 NCT00471146 0
28 0 NCT00487851 0
28 0 NCT00490360 0
28 0 NCT00495924 0
28 0 NCT00495963 0
28 0 NCT00500968 0
28 0 NCT00553358 0
28 0 NCT00566995 0
28 0 NCT00580021 0
28 0 NCT00585078 0
28 0 NCT00586313 0
28 0 NCT00586443 0
28 0 NCT00587132 0
28 0 NCT00588367 0
28 0 NCT00637364 0
28 0 NCT00644254 0
28 0 NCT00660218 0
28 0 NCT00661882 0
28 0 NCT00669734 0
28 0 NCT00707252 0
28 0 NCT00714701 0
28 0 NCT00720785 0
28 0 NCT00730470 0
28 0 NCT00734305 0
28 0 NCT00738881 0
28 0 NCT00743379 0
28 0 NCT00750698 0
28 0 NCT00767234 0
28 0 NCT00769379 0
28 0 NCT00810719 0
28 0 NCT00826982 0
28 0 NCT00834028 0
28 0 NCT00841035 0
28 0 NCT00841191 0
28 0 NCT00854477 0
28 0 NCT00855985 0
28 0 NCT00869258 0
28 0 NCT00878163 0
28 0 NCT00897663 0
28 0 NCT00897741 0
28 0 NCT00897832 0
28 0 NCT00898781 0
28 0 NCT00899132 0
28 0 NCT00900003 0
28 0 NCT00900016 0
28 0 NCT00911898 0
28 0 NCT00923052 0
28 0 NCT00930410 0
28 0 NCT00936104 0
28 0 NCT00947102 0
28 0 NCT00985777 0
28 0 NCT00994123 0
28 0 NCT01021800 0
28 0 NCT01025882 0
28 0 NCT01038713 0
28 0 NCT01057355 0
28 0 NCT01094535 0
28 0 NCT01095445 0
28 0 NCT01096732 0
28 0 NCT01100749 0
28 0 NCT01100840 0
28 0 NCT01103128 0
28 0 NCT01104129 0
28 0 NCT01124786 0
28 0 NCT01129167 0
28 0 NCT01155882 0
28 0 NCT01161186 0
28 0 NCT01167712 0
28 0 NCT01188785 0
28 0 NCT01191138 0
28 0 NCT01194635 0
28 0 NCT01213290 0
28 0 NCT01225887 0
28 0 NCT01241799 0
28 0 NCT01248663 0
28 0 NCT01274455 0
28 0 NCT01293032 0
28 0 NCT01313416 0
28 0 NCT01315548 0
28 0 NCT01326468 0
28 0 NCT01330823 0
28 0 NCT01335958 0
28 0 NCT01357525 0
28 0 NCT01360593 0
28 0 NCT01360931 0
28 0 NCT01371240 0
28 0 NCT01372813 0
28 0 NCT01383538 0
28 0 NCT01386931 0
28 0 NCT01394120 0
28 0 NCT01427478 0
28 0 NCT01447225 0
28 0 NCT01451632 0
28 0 NCT01455311 0
28 0 NCT01455610 0
28 0 NCT01456585 0
28 0 NCT01469793 0
28 0 NCT01479023 0
28 0 NCT01482377 0
28 0 NCT01484704 0
28 0 NCT01497626 0
28 0 NCT01514058 0
28 0 NCT01521702 0
28 0 NCT01534637 0
28 0 NCT01542437 0
28 0 NCT01543282 0
28 0 NCT01563133 0
28 0 NCT01576497 0
28 0 NCT01580397 0
28 0 NCT01586611 0
28 0 NCT01592721 0
28 0 NCT01592747 0
28 0 NCT01594177 0
28 0 NCT01596530 0
28 0 NCT01598584 0
28 0 NCT01600807 0
28 0 NCT01603979 0
28 0 NCT01615653 0
28 0 NCT01631552 0
28 0 NCT01638533 0
28 0 NCT01656824 0
28 0 NCT01674556 0
28 0 NCT01676259 0
28 0 NCT01684878 0
28 0 NCT01699698 0
28 0 NCT01715142 0
28 0 NCT01717196 0
28 0 NCT01720745 0
28 0 NCT01726582 0
28 0 NCT01728818 1
28 0 NCT01733004 0
28 0 NCT01734967 0
28 0 NCT01741597 0
28 0 NCT01743365 0
28 0 NCT01744353 0
28 0 NCT01754519 0
28 0 NCT01765036 0
28 0 NCT01770405 0
28 0 NCT01774162 0
28 0 NCT01783171 0
28 0 NCT01785420 0
28 0 NCT01796041 0
28 0 NCT01801670 0
28 0 NCT01808638 0
28 0 NCT01815606 0
28 0 NCT01822613 0
28 0 NCT01832116 0
28 0 NCT01839487 0
28 0 NCT01845467 0
28 0 NCT01876069 0
28 0 NCT01879878 0
28 0 NCT01893801 0
28 0 NCT01897415 0
28 0 NCT01901094 0
28 0 NCT01911416 0
28 0 NCT01934634 0
28 0 NCT01942629 0
28 0 NCT01947023 0
28 0 NCT01953926 1
28 0 NCT01957280 0
28 0 NCT01962909 0
28 0 NCT01964430 0
28 0 NCT01966445 0
28 0 NCT01975363 0
28 0 NCT01978808 0
28 0 NCT01983410 0
28 0 NCT01989624 0
28 0 NCT01995474 0
28 0 NCT02003209 0
28 0 NCT02003222 0
28 0 NCT02021422 0
28 0 NCT02041897 0
28 0 NCT02041936 0
28 0 NCT02047513 0
28 0 NCT02048384 0
28 0 NCT02050997 0
28 0 NCT02057146 0
28 0 NCT02072616 0
28 0 NCT02078232 0
28 0 NCT02078245 0
28 0 NCT02080650 0
28 0 NCT02092519 0
28 0 NCT02101021 0
28 0 NCT02105181 0
28 0 NCT02109445 0
28 0 NCT02124317 0
28 0 NCT02124369 0
28 0 NCT02132403 0
28 0 NCT02134015 0
28 0 NCT02135822 0
28 0 NCT02146313 0
28 0 NCT02150135 0
28 0 NCT02150746 0
28 0 NCT02153450 0
28 0 NCT02162823 0
28 0 NCT02166190 0
28 0 NCT02178709 0
28 0 NCT02180867 0
28 0 NCT02190071 0
28 0 NCT02204124 0
28 0 NCT02207985 0
28 0 NCT02210559 0
28 0 NCT02225509 0
28 0 NCT02231723 0
28 0 NCT02239575 0
28 0 NCT02244489 0
28 0 NCT02289898 0
28 0 NCT02297698 0
28 0 NCT02345174 0
28 0 NCT02358161 0
28 0 NCT02360839 0
28 0 NCT02369484 0
28 0 NCT02374411 0
28 0 NCT02387216 0
28 0 NCT02394496 0
28 0 NCT02426281 0
28 0 NCT02440958 0
28 0 NCT02442414 0
28 0 NCT02450656 0
28 0 NCT02451384 0
28 0 NCT02456051 0
28 0 NCT02456701 0
28 0 NCT02459041 0
28 0 NCT02468557 0
28 0 NCT02473731 0
28 0 NCT02487277 0
28 0 NCT02488694 0
28 0 NCT02494388 0
28 0 NCT02501603 0
28 0 NCT02501902 0
28 0 NCT02511223 0
28 0 NCT02527434 0
28 0 NCT02538627 0
28 0 NCT02548169 0
28 0 NCT02550327 0
28 0 NCT02558894 0
28 0 NCT02562898 0
28 0 NCT02570529 0
28 0 NCT02575508 0
28 0 NCT02580422 0
28 0 NCT02583477 0
28 0 NCT02600949 0
28 0 NCT02626520 0
28 0 NCT02653313 0
28 0 NCT02657330 0
28 0 NCT02670746 0
28 0 NCT02672917 0
28 0 NCT02695966 0
28 0 NCT02715804 0
28 0 NCT02723331 0
28 0 NCT02732938 0
28 0 NCT02748707 0
28 0 NCT02750657 0
28 0 NCT02754180 0
28 0 NCT02754726 0
28 0 NCT02775461 0
28 0 NCT02775786 0
28 0 NCT02780687 0
28 0 NCT02781012 0
28 0 NCT02782182 0
28 0 NCT02787187 0
28 0 NCT02788669 0
28 0 NCT02790944 0
28 0 NCT02806687 0
28 0 NCT02810418 0
28 0 NCT02810730 0
28 0 NCT02817308 0
28 0 NCT02818829 0
28 0 NCT02850874 0
28 0 NCT02857270 0
28 0 NCT02869802 0
28 0 NCT02876081 0
28 0 NCT02882503 0
28 0 NCT02891733 0
28 0 NCT02897700 0
28 0 NCT02900248 0
28 0 NCT02912949 0
28 0 NCT02928081 0
28 0 NCT02929797 0
28 0 NCT02934984 0
28 0 NCT02942095 0
28 0 NCT02942706 0
28 0 NCT02959164 0
28 0 NCT02959879 0
28 0 NCT02974764 0
28 0 NCT02975141 0
28 0 NCT02978547 0
28 0 NCT02980341 0
28 0 NCT02981342 0
28 0 NCT02993731 0
28 0 NCT03003078 0
28 0 NCT03012282 0
28 0 NCT03018405 0
28 0 NCT03021668 0
28 0 NCT03030209 0
28 0 NCT03032913 0
28 0 NCT03038477 0
28 0 NCT03042442 0
28 0 NCT03050268 0
28 0 NCT03060720 0
28 0 NCT03065985 0
28 0 NCT03071705 0
28 0 NCT03076216 0
28 0 NCT03076372 0
28 0 NCT03086733 0
28 0 NCT03098082 0
29 0 NCT00001431 0
29 0 NCT00002490 0
29 0 NCT00002493 0
29 0 NCT00002659 0
29 0 NCT00003216 0
29 0 NCT00003576 0
29 0 NCT00003749 0
29 0 NCT00003923 0
29 0 NCT00005583 0
29 0 NCT00006481 0
29 0 NCT00009893 0
29 0 NCT00021125 0
29 0 NCT00033462 0
29 0 NCT00058201 0
29 0 NCT00059826 0
29 0 NCT00079274 0
29 0 NCT00081029 0
29 0 NCT00100321 0
29 0 NCT00101036 0
29 0 NCT00107536 0
29 0 NCT00112697 0
29 0 NCT00126581 0
29 0 NCT00134069 0
29 0 NCT00142428 0
29 0 NCT00143715 0
29 0 NCT00173368 0
29 0 NCT00178867 0
29 0 NCT00183846 0
29 0 NCT00190801 0
29 0 NCT00243113 0
29 0 NCT00262769 0
29 0 NCT00262951 0
29 0 NCT00266097 0
29 0 NCT00268411 0
29 0 NCT00275119 0
29 0 NCT00276744 0
29 0 NCT00293527 0
29 0 NCT00304135 0
29 0 NCT00326495 0
29 0 NCT00335543 0
29 0 NCT00336232 0
29 0 NCT00336700 0
29 0 NCT00354887 0
29 0 NCT00356889 0
29 0 NCT00363038 0
29 0 NCT00364013 0
29 0 NCT00397384 0
29 0 NCT00415454 0
29 0 NCT00418392 0
29 0 NCT00418938 0
29 0 NCT00427102 0
29 0 NCT00433550 0
29 0 NCT00436215 0
29 0 NCT00460798 0
29 0 NCT00476645 0
29 0 NCT00478114 0
29 0 NCT00487851 0
29 0 NCT00503685 0
29 0 NCT00508404 0
29 0 NCT00510640 0
29 0 NCT00539565 0
29 0 NCT00544193 0
29 0 NCT00553254 0
29 0 NCT00579683 0
29 0 NCT00586105 0
29 0 NCT00610012 0
29 0 NCT00617708 0
29 0 NCT00633789 0
29 0 NCT00637091 0
29 0 NCT00655499 0
29 0 NCT00658593 0
29 0 NCT00660582 0
29 0 NCT00660699 0
29 0 NCT00662688 0
29 0 NCT00669747 0
29 0 NCT00684645 0
29 0 NCT00710710 0
29 0 NCT00733746 0
29 0 NCT00753675 0
29 0 NCT00755534 0
29 0 NCT00769067 0
29 0 NCT00779454 2
29 0 NCT00788957 0
29 0 NCT00792363 0
29 0 NCT00795301 0
29 0 NCT00809081 0
29 0 NCT00813605 0
29 0 NCT00815308 0
29 0 NCT00819780 0
29 0 NCT00827684 0
29 0 NCT00828620 0
29 0 NCT00830778 0
29 0 NCT00837135 0
29 0 NCT00841191 0
29 0 NCT00841607 0
29 0 NCT00842257 0
29 0 NCT00853931 0
29 0 NCT00858403 0
29 0 NCT00861120 0
29 0 NCT00879385 0
29 0 NCT00880633 0
29 0 NCT00881504 0
29 0 NCT00885885 0
29 0 NCT00890825 0
29 0 NCT00897351 0
29 0 NCT00902759 0
29 0 NCT00908024 0
29 0 NCT00912327 0
29 0 NCT00923481 0
29 0 NCT00931437 0
29 0 NCT00931840 0
29 0 NCT00939848 0
29 0 NCT00943449 0
29 0 NCT00946712 0
29 0 NCT00950820 0
29 0 NCT00956280 0
29 0 NCT00959127 0
29 0 NCT00974389 0
29 0 NCT00981058 0
29 0 NCT00981162 0
29 0 NCT00987766 1
29 0 NCT01008475 0
29 0 NCT01008917 0
29 0 NCT01013649 0
29 0 NCT01015820 0
29 0 NCT01023828 0
29 0 NCT01029418 0
29 0 NCT01041612 0
29 0 NCT01068132 0
29 0 NCT01075828 0
29 0 NCT01082315 0
29 0 NCT01082757 0
29 0 NCT01085331 0
29 0 NCT01086267 0
29 0 NCT01093222 0
29 0 NCT01105806 0
29 0 NCT01108107 0
29 0 NCT01109615 0
29 0 NCT01111591 0
29 0 NCT01116271 0
29 0 NCT01117428 0
29 0 NCT01124669 0
29 0 NCT01134666 0
29 0 NCT01142921 0
29 0 NCT01145248 0
29 0 NCT01151007 0
29 0 NCT01152437 0
29 0 NCT01152840 0
29 0 NCT01158248 0
29 0 NCT01170104 0
29 0 NCT01180153 0
29 0 NCT01187901 0
29 0 NCT01198535 0
29 0 NCT01198743 0
29 0 NCT01202409 1
29 0 NCT01204372 0
29 0 NCT01208103 0
29 0 NCT01212627 0
29 0 NCT01215539 0
29 0 NCT01215838 0
29 0 NCT01226719 0
29 0 NCT01229150 0
29 0 NCT01229813 0
29 0 NCT01232101 0
29 0 NCT01232374 0
29 0 NCT01232647 0
29 0 NCT01240590 0
29 0 NCT01242605 0
29 0 NCT01243762 0
29 0 NCT01244191 0
29 0 NCT01247506 0
29 0 NCT01254617 0
29 0 NCT01257360 0
29 0 NCT01258608 0
29 0 NCT01276379 0
29 0 NCT01278888 0
29 0 NCT01280643 0
29 0 NCT01281761 0
29 0 NCT01283802 0
29 0 NCT01291927 0
29 0 NCT01294826 0
29 0 NCT01306045 0
29 0 NCT01308840 1
29 0 NCT01309126 0
29 0 NCT01320254 1
29 0 NCT01321450 0
29 0 NCT01322178 0
29 0 NCT01328171 0
29 0 NCT01333475 0
29 0 NCT01339962 0
29 0 NCT01347866 0
29 0 NCT01351038 0
29 0 NCT01352273 0
29 0 NCT01357525 0
29 0 NCT01358812 0
29 0 NCT01360593 0
29 0 NCT01360931 0
29 0 NCT01361100 0
29 0 NCT01380795 0
29 0 NCT01384994 0
29 0 NCT01387880 0
29 0 NCT01389414 1
29 0 NCT01390818 0
29 0 NCT01394939 0
29 0 NCT01395758 0
29 0 NCT01412957 0
29 0 NCT01427946 0
29 0 NCT01438385 0
29 0 NCT01443377 0
29 0 NCT01447030 0
29 0 NCT01450319 0
29 0 NCT01451632 0
29 0 NCT01459965 0
29 0 NCT01468779 0
29 0 NCT01470209 0
29 0 NCT01470443 0
29 0 NCT01481701 0
29 0 NCT01490437 0
29 0 NCT01500954 0
29 0 NCT01506492 0
29 0 NCT01506973 0
29 0 NCT01508364 0
29 0 NCT01514214 0
29 0 NCT01522573 0
29 0 NCT01523639 0
29 0 NCT01529112 0
29 0 NCT01550055 0
29 0 NCT01556399 0
29 0 NCT01557959 0
29 0 NCT01562899 0
29 0 NCT01579357 0
29 0 NCT01584830 0
29 0 NCT01587534 0
29 0 NCT01588860 2
29 0 NCT01606748 0
29 0 NCT01609075 0
29 0 NCT01624467 0
29 0 NCT01627379 0
29 0 NCT01642342 0
29 0 NCT01643499 0
29 0 NCT01646554 0
29 0 NCT01651013 0
29 0 NCT01660971 0
29 0 NCT01668498 0
29 0 NCT01688999 0
29 0 NCT01703390 0
29 0 NCT01704703 0
29 0 NCT01708954 0
29 0 NCT01712971 0
29 0 NCT01715441 0
29 0 NCT01726309 0
29 0 NCT01730586 0
29 0 NCT01737463 0
29 0 NCT01764503 0
29 0 NCT01781728 0
29 0 NCT01787500 0
29 0 NCT01789502 0
29 0 NCT01798446 0
29 0 NCT01801904 0
29 0 NCT01802320 0
29 0 NCT01814501 0
29 0 NCT01833143 0
29 0 NCT01834014 0
29 0 NCT01844245 0
29 0 NCT01851226 0
29 0 NCT01859026 0
29 0 NCT01871311 0
29 0 NCT01877811 0
29 0 NCT01878422 0
29 0 NCT01900002 0
29 0 NCT01910610 0
29 0 NCT01911507 0
29 0 NCT01925274 0
29 0 NCT01926236 0
29 0 NCT01930864 0
29 0 NCT01933932 0
29 0 NCT01941342 0
29 0 NCT01943786 0
29 0 NCT01949870 0
29 0 NCT01951690 0
29 0 NCT01954745 0
29 0 NCT01973868 0
29 0 NCT01986166 0
29 0 NCT02008383 0
29 0 NCT02014831 0
29 0 NCT02022605 0
29 0 NCT02022982 0
29 0 NCT02024607 0
29 0 NCT02032784 0
29 0 NCT02039336 0
29 0 NCT02042443 0
29 0 NCT02055222 0
29 0 NCT02079740 0
29 0 NCT02081131 0
29 0 NCT02094560 0
29 0 NCT02098954 0
29 0 NCT02101788 0
29 0 NCT02103062 0
29 0 NCT02103413 0
29 0 NCT02107560 0
29 0 NCT02129036 0
29 0 NCT02142803 0
29 0 NCT02144480 0
29 0 NCT02151084 0
29 0 NCT02152631 0
29 0 NCT02162173 0
29 0 NCT02164916 0
29 0 NCT02165852 0
29 0 NCT02171286 0
29 0 NCT02185690 0
29 0 NCT02188264 0
29 0 NCT02192541 0
29 0 NCT02196935 0
29 0 NCT02199223 0
29 0 NCT02208583 0
29 0 NCT02221778 0
29 0 NCT02230553 0
29 0 NCT02238613 0
29 0 NCT02240238 0
29 0 NCT02241551 0
29 0 NCT02253251 0
29 0 NCT02269995 0
29 0 NCT02274753 0
29 0 NCT02283320 0
29 0 NCT02296736 0
29 0 NCT02300831 0
29 0 NCT02301962 0
29 0 NCT02306603 0
29 0 NCT02316496 0
29 0 NCT02324686 0
29 0 NCT02333188 0
29 0 NCT02337530 0
29 0 NCT02337946 0
29 0 NCT02350530 0
29 0 NCT02350686 0
29 0 NCT02351765 0
29 0 NCT02366481 0
29 0 NCT02380443 0
29 0 NCT02391038 0
29 0 NCT02394795 0
29 0 NCT02394834 0
29 0 NCT02395016 0
29 0 NCT02413853 0
29 0 NCT02430285 0
29 0 NCT02448810 0
29 0 NCT02450656 0
29 0 NCT02460887 0
29 0 NCT02470416 0
29 0 NCT02476669 0
29 0 NCT02477228 0
29 0 NCT02525757 0
29 0 NCT02531607 0
29 0 NCT02576444 0
29 0 NCT02579278 0
29 0 NCT02591030 0
29 0 NCT02595424 0
29 0 NCT02595645 0
29 0 NCT02626520 0
29 0 NCT02632305 0
29 0 NCT02642042 0
29 0 NCT02648724 0
29 0 NCT02649569 0
29 0 NCT02656134 0
29 0 NCT02665494 0
29 0 NCT02671357 0
29 0 NCT02679872 0
29 0 NCT02696525 0
29 0 NCT02710396 0
29 0 NCT02713373 0
29 0 NCT02717923 0
29 0 NCT02718430 0
29 0 NCT02721732 0
29 0 NCT02743923 0
29 0 NCT02747862 0
29 0 NCT02773459 1
29 0 NCT02780648 0
29 0 NCT02784639 0
29 0 NCT02786602 0
29 0 NCT02788669 0
29 0 NCT02818725 0
29 0 NCT02821754 0
29 0 NCT02823093 0
29 0 NCT02825524 0
29 0 NCT02826486 0
29 0 NCT02827565 0
29 0 NCT02831842 0
29 0 NCT02845999 0
29 0 NCT02860429 0
29 0 NCT02860780 0
29 0 NCT02867826 0
29 0 NCT02871518 0
29 0 NCT02871999 0
29 0 NCT02877797 0
29 0 NCT02883608 0
29 0 NCT02898857 0
29 0 NCT02906059 0
29 0 NCT02915432 0
29 0 NCT02916199 0
29 0 NCT02928263 0
29 0 NCT02942095 0
29 0 NCT02942706 0
29 0 NCT02953782 0
29 0 NCT02959762 0
29 0 NCT02964689 0
29 0 NCT02964806 0
29 0 NCT02967926 0
29 0 NCT02969083 0
29 0 NCT02974725 0
29 0 NCT02975752 0
29 0 NCT02976090 0
29 0 NCT02980510 0
29 0 NCT02995096 0
29 0 NCT02999113 0
29 0 NCT03000374 0
29 0 NCT03040986 0
29 0 NCT03045952 0
29 0 NCT03047265 0
29 0 NCT03068936 0
29 0 NCT03071705 0
29 0 NCT03082053 0
29 0 NCT03082378 0
29 0 NCT03087071 0
29 0 NCT03089268 0
29 0 NCT03090815 0
29 0 NCT03098082 0
29 0 NCT03101839 0
