1 0 NCT00001188 0
1 0 NCT00001189 0
1 0 NCT00002185 0
1 0 NCT00002466 0
1 0 NCT00002641 0
1 0 NCT00002764 0
1 0 NCT00002804 0
1 0 NCT00002822 0
1 0 NCT00002863 0
1 0 NCT00002898 0
1 0 NCT00003023 0
1 0 NCT00003052 0
1 0 NCT00003058 0
1 0 NCT00003212 0
1 0 NCT00003521 0
1 0 NCT00003718 0
1 0 NCT00003893 0
1 0 NCT00003939 0
1 0 NCT00004110 0
1 0 NCT00004123 0
1 0 NCT00004180 0
1 0 NCT00006260 0
1 0 NCT00006357 0
1 0 NCT00013416 0
1 0 NCT00026910 0
1 0 NCT00030784 0
1 0 NCT00039182 0
1 0 NCT00054496 0
1 0 NCT00060944 0
1 0 NCT00061984 0
1 0 NCT00069940 0
1 0 NCT00072358 0
1 0 NCT00075439 0
1 0 NCT00089245 0
1 0 NCT00089258 0
1 0 NCT00093080 0
1 0 NCT00102609 0
1 0 NCT00132496 0
1 0 NCT00132704 0
1 0 NCT00141297 0
1 0 NCT00155805 0
1 0 NCT00162812 0
1 0 NCT00164021 0
1 0 NCT00167024 0
1 0 NCT00173732 0
1 0 NCT00216034 0
1 0 NCT00229086 0
1 0 NCT00233948 0
1 0 NCT00235677 0
1 0 NCT00242736 0
1 0 NCT00252096 0
1 0 NCT00259012 0
1 0 NCT00304083 0
1 0 NCT00336219 0
1 0 NCT00339404 0
1 0 NCT00346008 0
1 0 NCT00346164 0
1 0 NCT00362609 0
1 0 NCT00365300 0
1 0 NCT00367614 0
1 0 NCT00400569 0
1 0 NCT00408018 0
1 0 NCT00410592 0
1 0 NCT00413192 0
1 0 NCT00414856 0
1 0 NCT00422188 0
1 0 NCT00427635 0
1 0 NCT00444275 0
1 0 NCT00445783 1
1 0 NCT00445965 0
1 0 NCT00450593 0
1 0 NCT00468559 0
1 0 NCT00481949 0
1 0 NCT00489528 0
1 0 NCT00493181 0
1 0 NCT00497107 0
1 0 NCT00499421 0
1 0 NCT00502411 0
1 0 NCT00503321 0
1 0 NCT00507377 0
1 0 NCT00518505 0
1 0 NCT00545883 0
1 0 NCT00557401 0
1 0 NCT00564590 0
1 0 NCT00567619 0
1 0 NCT00577889 0
1 0 NCT00578864 0
1 0 NCT00579410 0
1 0 NCT00579501 0
1 0 NCT00579683 0
1 0 NCT00580281 0
1 0 NCT00591500 0
1 0 NCT00591877 0
1 0 NCT00608842 0
1 0 NCT00611078 0
1 0 NCT00624416 0
1 0 NCT00628342 0
1 0 NCT00633165 0
1 0 NCT00642941 0
1 0 NCT00645632 0
1 0 NCT00655499 0
1 0 NCT00659360 0
1 0 NCT00660660 0
1 0 NCT00674245 0
1 0 NCT00681005 0
1 0 NCT00687843 0
1 0 NCT00688675 0
1 0 NCT00695838 0
1 0 NCT00698178 0
1 0 NCT00702533 0
1 0 NCT00734747 0
1 0 NCT00744419 0
1 0 NCT00768196 0
1 0 NCT00810485 0
1 0 NCT00810719 0
1 0 NCT00833573 0
1 0 NCT00843050 0
1 0 NCT00847691 0
1 0 NCT00855361 0
1 0 NCT00883701 0
1 0 NCT00884247 0
1 0 NCT00890032 0
1 0 NCT00914537 0
1 0 NCT00944580 0
1 0 NCT00951093 0
1 0 NCT00963144 0
1 0 NCT00969917 0
1 0 NCT00992589 0
1 0 NCT01024413 0
1 0 NCT01025739 0
1 0 NCT01026324 0
1 0 NCT01037790 0
1 0 NCT01041105 0
1 0 NCT01079546 0
1 0 NCT01100840 0
1 0 NCT01118585 0
1 0 NCT01134367 0
1 0 NCT01136499 0
1 0 NCT01140321 0
1 0 NCT01141686 0
1 0 NCT01143740 0
1 0 NCT01149395 0
1 0 NCT01154452 0
1 0 NCT01156168 0
1 0 NCT01161602 0
1 0 NCT01168050 0
1 0 NCT01177839 0
1 0 NCT01183897 0
1 0 NCT01193881 0
1 0 NCT01194635 0
1 0 NCT01209598 2
1 0 NCT01227434 0
1 0 NCT01230944 0
1 0 NCT01237236 1
1 0 NCT01265550 0
1 0 NCT01303094 0
1 0 NCT01343277 0
1 0 NCT01356628 0
1 0 NCT01360931 0
1 0 NCT01366560 0
1 0 NCT01373125 0
1 0 NCT01374074 0
1 0 NCT01426633 0
1 0 NCT01427582 0
1 0 NCT01432392 0
1 0 NCT01457846 0
1 0 NCT01472016 0
1 0 NCT01477021 0
1 0 NCT01480518 0
1 0 NCT01504360 0
1 0 NCT01506596 0
1 0 NCT01522989 1
1 0 NCT01523340 0
1 0 NCT01536080 0
1 0 NCT01537744 0
1 0 NCT01548144 0
1 0 NCT01600092 0
1 0 NCT01613313 0
1 0 NCT01613950 0
1 0 NCT01653028 0
1 0 NCT01684215 0
1 0 NCT01692496 2
1 0 NCT01692678 0
1 0 NCT01723020 0
1 0 NCT01723774 0
1 0 NCT01740427 0
1 0 NCT01775943 0
1 0 NCT01791387 0
1 0 NCT01831726 0
1 0 NCT01841047 0
1 0 NCT01855503 0
1 0 NCT01861301 0
1 0 NCT01864746 0
1 0 NCT01869400 0
1 0 NCT01872897 0
1 0 NCT01876043 0
1 0 NCT01877317 0
1 0 NCT01878448 0
1 0 NCT01900522 0
1 0 NCT01907607 0
1 0 NCT01913652 0
1 0 NCT01932229 0
1 0 NCT01945775 0
1 0 NCT01957709 0
1 0 NCT01976169 0
1 0 NCT01986595 0
1 0 NCT02002416 0
1 0 NCT02016820 0
1 0 NCT02022982 1
1 0 NCT02023216 0
1 0 NCT02040857 0
1 0 NCT02046304 0
1 0 NCT02048371 0
1 0 NCT02049723 0
1 0 NCT02052778 0
1 0 NCT02059850 0
1 0 NCT02065063 1
1 0 NCT02066675 0
1 0 NCT02106312 0
1 0 NCT02131480 0
1 0 NCT02149914 0
1 0 NCT02154490 0
1 0 NCT02163720 0
1 0 NCT02180867 0
1 0 NCT02186821 0
1 0 NCT02187783 1
1 0 NCT02192541 0
1 0 NCT02247544 0
1 0 NCT02249052 0
1 0 NCT02249702 0
1 0 NCT02249949 0
1 0 NCT02267083 0
1 0 NCT02275286 0
1 0 NCT02277886 0
1 0 NCT02292550 0
1 0 NCT02308020 0
1 0 NCT02310243 0
1 0 NCT02314481 0
1 0 NCT02334527 0
1 0 NCT02342587 0
1 0 NCT02343172 0
1 0 NCT02343406 0
1 0 NCT02345824 0
1 0 NCT02367924 0
1 0 NCT02371174 0
1 0 NCT02376166 0
1 0 NCT02387125 0
1 0 NCT02401035 0
1 0 NCT02407080 0
1 0 NCT02414724 1
1 0 NCT02418234 1
1 0 NCT02425553 0
1 0 NCT02429089 0
1 0 NCT02449551 0
1 0 NCT02450136 0
1 0 NCT02457429 0
1 0 NCT02461849 0
1 0 NCT02475720 0
1 0 NCT02486263 0
1 0 NCT02499146 0
1 0 NCT02499614 0
1 0 NCT02506634 0
1 0 NCT02508467 0
1 0 NCT02514616 0
1 0 NCT02530320 0
1 0 NCT02542462 0
1 0 NCT02571829 2
1 0 NCT02573324 0
1 0 NCT02584751 0
1 0 NCT02587169 0
1 0 NCT02599714 0
1 0 NCT02606461 0
1 0 NCT02606851 0
1 0 NCT02609984 0
1 0 NCT02625168 0
1 0 NCT02626364 0
1 0 NCT02632045 0
1 0 NCT02637557 0
1 0 NCT02637713 0
1 0 NCT02644122 0
1 0 NCT02645149 0
1 0 NCT02688907 0
1 0 NCT02693535 1
1 0 NCT02695186 0
1 0 NCT02706691 0
1 0 NCT02759094 0
1 0 NCT02777567 0
1 0 NCT02784795 0
1 0 NCT02785939 0
1 0 NCT02790320 0
1 0 NCT02790944 0
1 0 NCT02803619 0
1 0 NCT02804815 0
1 0 NCT02806648 0
1 0 NCT02812693 0
1 0 NCT02815995 0
1 0 NCT02821507 0
1 0 NCT02825342 0
1 0 NCT02831530 0
1 0 NCT02837627 0
1 0 NCT02846987 2
1 0 NCT02863146 0
1 0 NCT02871791 0
1 0 NCT02873975 0
1 0 NCT02896335 0
1 0 NCT02897375 1
1 0 NCT02905318 0
1 0 NCT02917005 0
1 0 NCT02919696 1
1 0 NCT02923778 0
1 0 NCT02947685 0
1 0 NCT02949843 0
1 0 NCT02978859 0
1 0 NCT02981940 0
1 0 NCT02983539 0
1 0 NCT02992743 0
1 0 NCT02998606 0
1 0 NCT03017768 0
1 0 NCT03024489 0
1 0 NCT03031288 0
1 0 NCT03034252 0
1 0 NCT03050398 0
1 0 NCT03064243 0
1 0 NCT03065062 1
1 0 NCT03074318 0
1 0 NCT03092934 0
1 0 NCT03096912 2
1 0 NCT03099174 0
1 0 NCT03104335 0
1 0 NCT03106155 0
4 0 NCT00000529 0
4 0 NCT00000557 0
4 0 NCT00002528 0
4 0 NCT00002582 0
4 0 NCT00003012 0
4 0 NCT00003016 0
4 0 NCT00003329 0
4 0 NCT00003440 0
4 0 NCT00003577 0
4 0 NCT00003654 0
4 0 NCT00003678 0
4 0 NCT00003771 0
4 0 NCT00003893 0
4 0 NCT00004065 0
4 0 NCT00005079 0
4 0 NCT00006311 0
4 0 NCT00010153 0
4 0 NCT00014612 0
4 0 NCT00016549 0
4 0 NCT00019643 0
4 0 NCT00020852 0
4 0 NCT00022074 0
4 0 NCT00028704 0
4 0 NCT00032201 0
4 0 NCT00033787 0
4 0 NCT00037024 0
4 0 NCT00046514 0
4 0 NCT00046527 0
4 0 NCT00047970 0
4 0 NCT00053898 0
4 0 NCT00055575 0
4 0 NCT00060918 0
4 0 NCT00060931 0
4 0 NCT00062751 0
4 0 NCT00066573 0
4 0 NCT00066586 0
4 0 NCT00066703 0
4 0 NCT00068614 0
4 0 NCT00070278 0
4 0 NCT00081003 0
4 0 NCT00082277 0
4 0 NCT00083018 0
4 0 NCT00083174 0
4 0 NCT00083733 0
4 0 NCT00084162 0
4 0 NCT00084669 0
4 0 NCT00086749 0
4 0 NCT00087178 0
4 0 NCT00090480 0
4 0 NCT00090974 0
4 0 NCT00096668 0
4 0 NCT00097487 0
4 0 NCT00105456 0
4 0 NCT00110136 0
4 0 NCT00149227 0
4 0 NCT00156052 0
4 0 NCT00156130 0
4 0 NCT00161265 0
4 0 NCT00162812 0
4 0 NCT00171314 0
4 0 NCT00171340 0
4 0 NCT00173407 0
4 0 NCT00174096 0
4 0 NCT00174707 0
4 0 NCT00187343 0
4 0 NCT00191373 0
4 0 NCT00201929 0
4 0 NCT00209001 0
4 0 NCT00216047 0
4 0 NCT00216073 0
4 0 NCT00227656 0
4 0 NCT00234195 0
4 0 NCT00238316 0
4 0 NCT00254592 0
4 0 NCT00256217 0
4 0 NCT00268502 0
4 0 NCT00276120 0
4 0 NCT00278772 0
4 0 NCT00291083 0
4 0 NCT00291694 0
4 0 NCT00300781 0
4 0 NCT00304941 0
4 0 NCT00313937 0
4 0 NCT00317720 0
4 0 NCT00320541 0
4 0 NCT00339248 0
4 0 NCT00349011 0
4 0 NCT00352859 0
4 0 NCT00368875 0
4 0 NCT00369915 0
4 0 NCT00376688 0
4 0 NCT00387062 0
4 0 NCT00392392 0
4 0 NCT00399529 0
4 0 NCT00411099 0
4 0 NCT00411242 0
4 0 NCT00412412 0
4 0 NCT00416403 0
4 0 NCT00418210 0
4 0 NCT00426335 0
4 0 NCT00427245 0
4 0 NCT00431704 0
4 0 NCT00437073 0
4 0 NCT00445445 0
4 0 NCT00445562 0
4 0 NCT00449241 0
4 0 NCT00450892 0
4 0 NCT00463242 0
4 0 NCT00467194 0
4 0 NCT00470704 0
4 0 NCT00477919 0
4 0 NCT00478257 0
4 0 NCT00481884 0
4 0 NCT00490139 0
4 0 NCT00496652 0
4 0 NCT00499525 0
4 0 NCT00499603 2
4 0 NCT00509431 0
4 0 NCT00509509 0
4 0 NCT00516698 0
4 0 NCT00517088 0
4 0 NCT00517192 0
4 0 NCT00534755 0
4 0 NCT00538044 0
4 0 NCT00542451 2
4 0 NCT00546247 0
4 0 NCT00555503 0
4 0 NCT00557986 0
4 0 NCT00572728 0
4 0 NCT00574145 0
4 0 NCT00574366 0
4 0 NCT00579514 1
4 0 NCT00581750 0
4 0 NCT00582322 0
4 0 NCT00590785 0
4 0 NCT00596843 0
4 0 NCT00610467 0
4 0 NCT00613730 0
4 0 NCT00620594 0
4 0 NCT00630786 0
4 0 NCT00636467 0
4 0 NCT00656604 0
4 0 NCT00665782 0
4 0 NCT00666731 0
4 0 NCT00670644 0
4 0 NCT00674011 0
4 0 NCT00679341 0
4 0 NCT00687102 0
4 0 NCT00695422 0
4 0 NCT00697268 0
4 0 NCT00699491 0
4 0 NCT00721409 0
4 0 NCT00721630 0
4 0 NCT00736333 0
4 0 NCT00737243 0
4 0 NCT00739063 0
4 0 NCT00739544 0
4 0 NCT00740532 2
4 0 NCT00749502 0
4 0 NCT00759408 0
4 0 NCT00770263 0
4 0 NCT00776308 0
4 0 NCT00788489 0
4 0 NCT00792363 0
4 0 NCT00801476 0
4 0 NCT00809484 0
4 0 NCT00810017 0
4 0 NCT00813878 0
4 0 NCT00816582 0
4 0 NCT00817362 0
4 0 NCT00817531 0
4 0 NCT00830635 0
4 0 NCT00830726 0
4 0 NCT00842257 0
4 0 NCT00843531 0
4 0 NCT00847899 0
4 0 NCT00853931 0
4 0 NCT00854984 0
4 0 NCT00861120 0
4 0 NCT00866177 0
4 0 NCT00866294 0
4 0 NCT00869206 0
4 0 NCT00870415 0
4 0 NCT00874146 0
4 0 NCT00874458 0
4 0 NCT00875979 0
4 0 NCT00888173 0
4 0 NCT00894504 1
4 0 NCT00897065 0
4 0 NCT00897208 0
4 0 NCT00897702 0
4 0 NCT00897728 0
4 0 NCT00898508 0
4 0 NCT00898898 2
4 0 NCT00898976 0
4 0 NCT00899197 0
4 0 NCT00899639 2
4 0 NCT00902330 0
4 0 NCT00909649 0
4 0 NCT00910884 0
4 0 NCT00917501 0
4 0 NCT00918892 0
4 0 NCT00923377 1
4 0 NCT00930579 0
4 0 NCT00932997 0
4 0 NCT00934401 0
4 0 NCT00941759 0
4 0 NCT00950742 0
4 0 NCT00958971 0
4 0 NCT00959556 0
4 0 NCT00966888 0
4 0 NCT00967239 0
4 0 NCT00971789 0
4 0 NCT00972010 0
4 0 NCT00979134 0
4 0 NCT00984490 0
4 0 NCT00989638 0
4 0 NCT00991263 0
4 0 NCT00998036 0
4 0 NCT01004224 1
4 0 NCT01004666 0
4 0 NCT01011933 0
4 0 NCT01013324 0
4 0 NCT01013506 2
4 0 NCT01016665 0
4 0 NCT01018251 0
4 0 NCT01019512 0
4 0 NCT01028339 0
4 0 NCT01029925 0
4 0 NCT01031446 0
4 0 NCT01033084 0
4 0 NCT01034267 0
4 0 NCT01036087 0
4 0 NCT01042496 0
4 0 NCT01042925 2
4 0 NCT01049776 0
4 0 NCT01050322 0
4 0 NCT01052740 0
4 0 NCT01065805 0
4 0 NCT01066507 0
4 0 NCT01074528 0
4 0 NCT01077596 0
4 0 NCT01083641 0
4 0 NCT01088893 0
4 0 NCT01089374 0
4 0 NCT01091454 0
4 0 NCT01097278 0
4 0 NCT01100840 0
4 0 NCT01111825 2
4 0 NCT01127763 0
4 0 NCT01133912 0
4 0 NCT01137994 0
4 0 NCT01138085 1
4 0 NCT01147016 0
4 0 NCT01156168 0
4 0 NCT01165463 0
4 0 NCT01172886 0
4 0 NCT01182519 0
4 0 NCT01202409 0
4 0 NCT01202591 2
4 0 NCT01222377 0
4 0 NCT01226316 1
4 0 NCT01234532 0
4 0 NCT01238250 0
4 0 NCT01240681 0
4 0 NCT01247441 0
4 0 NCT01254136 0
4 0 NCT01269346 0
4 0 NCT01277757 2
4 0 NCT01281163 0
4 0 NCT01283789 0
4 0 NCT01283945 0
4 0 NCT01288092 2
4 0 NCT01299623 0
4 0 NCT01305915 0
4 0 NCT01306045 0
4 0 NCT01312857 0
4 0 NCT01319539 0
4 0 NCT01320397 0
4 0 NCT01321853 0
4 0 NCT01324700 0
4 0 NCT01334021 0
4 0 NCT01336088 0
4 0 NCT01339650 0
4 0 NCT01344356 0
4 0 NCT01344837 0
4 0 NCT01351584 0
4 0 NCT01355523 0
4 0 NCT01365845 0
4 0 NCT01377298 0
4 0 NCT01377363 0
4 0 NCT01379534 0
4 0 NCT01380925 0
4 0 NCT01384994 0
4 0 NCT01387880 0
4 0 NCT01388621 0
4 0 NCT01390818 1
4 0 NCT01391806 0
4 0 NCT01403688 2
4 0 NCT01409226 0
4 0 NCT01411410 0
4 0 NCT01424111 0
4 0 NCT01427478 0
4 0 NCT01430572 1
4 0 NCT01430585 2
4 0 NCT01433809 0
4 0 NCT01434420 2
4 0 NCT01446185 0
4 0 NCT01451580 0
4 0 NCT01457846 0
4 0 NCT01458067 0
4 0 NCT01459003 0
4 0 NCT01466972 1
4 0 NCT01470209 0
4 0 NCT01484041 2
4 0 NCT01484483 0
4 0 NCT01494662 0
4 0 NCT01501656 0
4 0 NCT01503190 0
4 0 NCT01503372 0
4 0 NCT01505400 1
4 0 NCT01507753 0
4 0 NCT01514565 1
4 0 NCT01520194 0
4 0 NCT01523132 0
4 0 NCT01524692 0
4 0 NCT01542983 0
4 0 NCT01575522 2
4 0 NCT01589861 2
4 0 NCT01594177 2
4 0 NCT01595217 0
4 0 NCT01596530 0
4 0 NCT01608451 0
4 0 NCT01617915 0
4 0 NCT01619306 0
4 0 NCT01626027 0
4 0 NCT01628198 0
4 0 NCT01633060 0
4 0 NCT01658358 0
4 0 NCT01666756 0
4 0 NCT01668238 0
4 0 NCT01672671 0
4 0 NCT01697163 0
4 0 NCT01703780 0
4 0 NCT01705340 0
4 0 NCT01719549 0
4 0 NCT01722890 0
4 0 NCT01723774 0
4 0 NCT01730118 0
4 0 NCT01732276 0
4 0 NCT01741116 0
4 0 NCT01750918 0
4 0 NCT01752920 0
4 0 NCT01770353 0
4 0 NCT01785420 2
4 0 NCT01789684 0
4 0 NCT01791387 0
4 0 NCT01791478 0
4 0 NCT01791985 0
4 0 NCT01795768 0
4 0 NCT01802320 0
4 0 NCT01812226 0
4 0 NCT01814150 0
4 0 NCT01815476 0
4 0 NCT01816594 0
4 0 NCT01819324 0
4 0 NCT01824901 0
4 0 NCT01825759 0
4 0 NCT01828021 0
4 0 NCT01830244 0
4 0 NCT01831726 1
4 0 NCT01840163 0
4 0 NCT01861197 0
4 0 NCT01868022 1
4 0 NCT01869335 0
4 0 NCT01875367 0
4 0 NCT01879111 0
4 0 NCT01881022 0
4 0 NCT01884285 0
4 0 NCT01885039 0
4 0 NCT01888965 0
4 0 NCT01900171 0
4 0 NCT01904903 0
4 0 NCT01906632 0
4 0 NCT01913236 0
4 0 NCT01918306 2
4 0 NCT01928459 1
4 0 NCT01935336 0
4 0 NCT01937052 0
4 0 NCT01939418 2
4 0 NCT01948141 0
4 0 NCT01954706 0
4 0 NCT01964924 0
4 0 NCT01971515 0
4 0 NCT01975701 0
4 0 NCT01976169 0
4 0 NCT01976741 0
4 0 NCT01980017 0
4 0 NCT01980979 0
4 0 NCT01986569 0
4 0 NCT01987934 0
4 0 NCT01992952 0
4 0 NCT02001974 0
4 0 NCT02002416 0
4 0 NCT02014831 0
4 0 NCT02022202 2
4 0 NCT02027818 0
4 0 NCT02032563 0
4 0 NCT02032745 0
4 0 NCT02038010 0
4 0 NCT02041364 0
4 0 NCT02044926 0
4 0 NCT02052778 1
4 0 NCT02053636 2
4 0 NCT02060253 0
4 0 NCT02066532 0
4 0 NCT02067741 0
4 0 NCT02068092 2
4 0 NCT02068287 0
4 0 NCT02076243 0
4 0 NCT02101385 0
4 0 NCT02102282 0
4 0 NCT02102438 0
4 0 NCT02108561 0
4 0 NCT02109016 0
4 0 NCT02117167 0
4 0 NCT02117817 0
4 0 NCT02122562 0
4 0 NCT02131428 0
4 0 NCT02142803 0
4 0 NCT02145559 0
4 0 NCT02148575 0
4 0 NCT02151747 0
4 0 NCT02154490 0
4 0 NCT02158533 0
4 0 NCT02158546 0
4 0 NCT02162667 0
4 0 NCT02162719 0
4 0 NCT02164526 0
4 0 NCT02187783 0
4 0 NCT02187991 0
4 0 NCT02188745 0
4 0 NCT02189174 1
4 0 NCT02192541 0
4 0 NCT02195076 0
4 0 NCT02202746 2
4 0 NCT02204462 0
4 0 NCT02206984 0
4 0 NCT02213744 0
4 0 NCT02215733 0
4 0 NCT02233205 0
4 0 NCT02265601 0
4 0 NCT02272998 1
4 0 NCT02273973 0
4 0 NCT02274753 0
4 0 NCT02283489 0
4 0 NCT02284581 0
4 0 NCT02286687 1
4 0 NCT02286778 0
4 0 NCT02288325 0
4 0 NCT02291913 0
4 0 NCT02302742 1
4 0 NCT02306096 0
4 0 NCT02315430 0
4 0 NCT02324062 0
4 0 NCT02324894 0
4 0 NCT02348281 0
4 0 NCT02348684 0
4 0 NCT02365714 0
4 0 NCT02387645 0
4 0 NCT02389673 0
4 0 NCT02393833 0
4 0 NCT02396108 0
4 0 NCT02396433 2
4 0 NCT02401347 2
4 0 NCT02404844 2
4 0 NCT02414646 0
4 0 NCT02422641 0
4 0 NCT02426359 0
4 0 NCT02436772 0
4 0 NCT02440620 0
4 0 NCT02449538 1
4 0 NCT02450123 1
4 0 NCT02450136 1
4 0 NCT02451735 0
4 0 NCT02454426 0
4 0 NCT02457117 0
4 0 NCT02457910 2
4 0 NCT02465060 1
4 0 NCT02468050 0
4 0 NCT02476045 0
4 0 NCT02480218 0
4 0 NCT02482740 0
4 0 NCT02488967 0
4 0 NCT02506556 2
4 0 NCT02513823 0
4 0 NCT02523417 0
4 0 NCT02532400 0
4 0 NCT02536469 0
4 0 NCT02546661 0
4 0 NCT02547987 0
4 0 NCT02559362 0
4 0 NCT02562118 0
4 0 NCT02566408 0
4 0 NCT02577341 0
4 0 NCT02581137 0
4 0 NCT02581956 0
4 0 NCT02613923 0
4 0 NCT02619162 2
4 0 NCT02626858 0
4 0 NCT02642458 0
4 0 NCT02644122 0
4 0 NCT02644382 0
4 0 NCT02652975 0
4 0 NCT02653105 0
4 0 NCT02654431 0
4 0 NCT02657512 0
4 0 NCT02658708 0
4 0 NCT02675491 0
4 0 NCT02679638 0
4 0 NCT02684318 1
4 0 NCT02688166 0
4 0 NCT02691767 1
4 0 NCT02706691 0
4 0 NCT02709551 0
4 0 NCT02724501 0
4 0 NCT02725541 0
4 0 NCT02743910 0
4 0 NCT02751710 0
4 0 NCT02752516 0
4 0 NCT02761694 0
4 0 NCT02763228 0
4 0 NCT02769364 0
4 0 NCT02779699 0
4 0 NCT02790580 0
4 0 NCT02803593 0
4 0 NCT02809040 0
4 0 NCT02824133 0
4 0 NCT02833896 0
4 0 NCT02838394 0
4 0 NCT02846766 1
4 0 NCT02850419 0
4 0 NCT02856503 0
4 0 NCT02865187 0
4 0 NCT02869607 0
4 0 NCT02876107 0
4 0 NCT02889874 0
4 0 NCT02893761 0
4 0 NCT02897635 0
4 0 NCT02902991 0
4 0 NCT02918591 0
4 0 NCT02924376 0
4 0 NCT02926547 0
4 0 NCT02934828 0
4 0 NCT02941614 0
4 0 NCT02943096 0
4 0 NCT02943265 0
4 0 NCT02944864 0
4 0 NCT02963181 0
4 0 NCT02965378 0
4 0 NCT02965950 0
4 0 NCT02979301 0
4 0 NCT02986126 0
4 0 NCT02987959 0
4 0 NCT02988648 0
4 0 NCT02991807 0
4 0 NCT02996838 0
4 0 NCT03006172 0
4 0 NCT03011372 0
4 0 NCT03019276 0
4 0 NCT03046524 0
4 0 NCT03087071 0
4 0 NCT03089502 0
4 0 NCT03099330 0
4 0 NCT03100981 0
4 0 NCT03102866 0
11 0 NCT00000964 0
11 0 NCT00001332 0
11 0 NCT00002615 0
11 0 NCT00002655 0
11 0 NCT00002722 0
11 0 NCT00002783 0
11 0 NCT00002854 0
11 0 NCT00002883 0
11 0 NCT00003862 0
11 0 NCT00004065 0
11 0 NCT00004103 0
11 0 NCT00004873 0
11 0 NCT00005860 0
11 0 NCT00006180 0
11 0 NCT00020761 0
11 0 NCT00028262 0
11 0 NCT00047944 0
11 0 NCT00050609 0
11 0 NCT00062257 0
11 0 NCT00072787 0
11 0 NCT00088816 0
11 0 NCT00130689 0
11 0 NCT00134095 0
11 0 NCT00142350 0
11 0 NCT00147147 0
11 0 NCT00149201 0
11 0 NCT00154726 0
11 0 NCT00154778 0
11 0 NCT00155805 0
11 0 NCT00164918 0
11 0 NCT00178698 0
11 0 NCT00182611 0
11 0 NCT00188266 0
11 0 NCT00197470 0
11 0 NCT00202969 0
11 0 NCT00210184 0
11 0 NCT00216034 0
11 0 NCT00253708 0
11 0 NCT00260884 0
11 0 NCT00263354 0
11 0 NCT00279526 0
11 0 NCT00296322 0
11 0 NCT00296335 0
11 0 NCT00341276 0
11 0 NCT00369915 0
11 0 NCT00376688 0
11 0 NCT00386022 0
11 0 NCT00387348 0
11 0 NCT00400179 0
11 0 NCT00411229 0
11 0 NCT00414271 0
11 0 NCT00420394 0
11 0 NCT00455286 0
11 0 NCT00459264 0
11 0 NCT00477711 0
11 0 NCT00477880 0
11 0 NCT00477919 0
11 0 NCT00493519 0
11 0 NCT00493740 0
11 0 NCT00497549 0
11 0 NCT00503321 0
11 0 NCT00515411 0
11 0 NCT00519324 0
11 0 NCT00525005 0
11 0 NCT00529412 0
11 0 NCT00533533 0
11 0 NCT00539877 0
11 0 NCT00542789 0
11 0 NCT00546130 0
11 0 NCT00565370 0
11 0 NCT00565708 0
11 0 NCT00579748 0
11 0 NCT00582257 0
11 0 NCT00586443 0
11 0 NCT00588224 0
11 0 NCT00600275 0
11 0 NCT00606619 0
11 0 NCT00620594 1
11 0 NCT00632268 0
11 0 NCT00664209 0
11 0 NCT00687843 0
11 0 NCT00697268 0
11 0 NCT00702533 0
11 0 NCT00704392 0
11 0 NCT00726583 0
11 0 NCT00735566 0
11 0 NCT00743964 0
11 0 NCT00746161 0
11 0 NCT00755729 0
11 0 NCT00757640 0
11 0 NCT00815113 0
11 0 NCT00834236 0
11 0 NCT00845156 0
11 0 NCT00848718 0
11 0 NCT00877773 0
11 0 NCT00879385 0
11 0 NCT00897429 0
11 0 NCT00897988 0
11 0 NCT00917501 0
11 0 NCT00923052 0
11 0 NCT00935779 0
11 0 NCT00974584 0
11 0 NCT00976976 0
11 0 NCT00980603 0
11 0 NCT00982592 0
11 0 NCT00983801 0
11 0 NCT00992199 0
11 0 NCT00999128 0
11 0 NCT01002443 0
11 0 NCT01013324 0
11 0 NCT01013506 0
11 0 NCT01024621 0
11 0 NCT01031446 0
11 0 NCT01040312 0
11 0 NCT01042496 0
11 0 NCT01047007 0
11 0 NCT01048463 0
11 0 NCT01049620 0
11 0 NCT01063517 0
11 0 NCT01065688 0
11 0 NCT01068769 0
11 0 NCT01073046 0
11 0 NCT01084330 0
11 0 NCT01096199 0
11 0 NCT01099527 0
11 0 NCT01100814 0
11 0 NCT01102556 0
11 0 NCT01106885 0
11 0 NCT01108107 0
11 0 NCT01121575 0
11 0 NCT01123876 0
11 0 NCT01124864 0
11 0 NCT01132534 0
11 0 NCT01133951 0
11 0 NCT01138904 0
11 0 NCT01142271 0
11 0 NCT01147211 0
11 0 NCT01151007 0
11 0 NCT01152645 0
11 0 NCT01152827 0
11 0 NCT01152853 0
11 0 NCT01155453 0
11 0 NCT01175096 0
11 0 NCT01185977 0
11 0 NCT01186705 0
11 0 NCT01187212 0
11 0 NCT01193959 0
11 0 NCT01219699 1
11 0 NCT01226316 0
11 0 NCT01228045 0
11 0 NCT01240460 0
11 0 NCT01252628 0
11 0 NCT01263145 0
11 0 NCT01271712 0
11 0 NCT01277757 0
11 0 NCT01288092 0
11 0 NCT01294826 0
11 0 NCT01298271 0
11 0 NCT01299688 0
11 0 NCT01306045 0
11 0 NCT01307631 0
11 0 NCT01309256 0
11 0 NCT01313442 0
11 0 NCT01319539 0
11 0 NCT01324700 0
11 0 NCT01327417 0
11 0 NCT01331928 0
11 0 NCT01333475 0
11 0 NCT01337765 0
11 0 NCT01344031 0
11 0 NCT01346579 0
11 0 NCT01349660 0
11 0 NCT01360086 0
11 0 NCT01360931 0
11 0 NCT01363232 0
11 0 NCT01364376 0
11 0 NCT01364844 0
11 0 NCT01366586 0
11 0 NCT01370070 0
11 0 NCT01373346 0
11 0 NCT01375738 0
11 0 NCT01381913 0
11 0 NCT01390818 1
11 0 NCT01392287 0
11 0 NCT01404390 0
11 0 NCT01406249 0
11 0 NCT01412294 0
11 0 NCT01416714 0
11 0 NCT01420081 0
11 0 NCT01424111 0
11 0 NCT01428141 0
11 0 NCT01433809 0
11 0 NCT01435525 0
11 0 NCT01441310 0
11 0 NCT01444521 0
11 0 NCT01444755 0
11 0 NCT01445106 0
11 0 NCT01448746 0
11 0 NCT01449058 0
11 0 NCT01466257 0
11 0 NCT01470209 0
11 0 NCT01470404 0
11 0 NCT01473095 0
11 0 NCT01476137 0
11 0 NCT01489397 0
11 0 NCT01501604 2
11 0 NCT01503983 0
11 0 NCT01508520 0
11 0 NCT01510730 0
11 0 NCT01512251 0
11 0 NCT01512706 0
11 0 NCT01512745 0
11 0 NCT01514045 0
11 0 NCT01516944 0
11 0 NCT01518023 0
11 0 NCT01527877 0
11 0 NCT01528059 0
11 0 NCT01540253 0
11 0 NCT01549756 0
11 0 NCT01558947 0
11 0 NCT01576666 0
11 0 NCT01583400 0
11 0 NCT01584336 0
11 0 NCT01589861 0
11 0 NCT01595217 0
11 0 NCT01602315 0
11 0 NCT01604876 0
11 0 NCT01613950 2
11 0 NCT01614522 0
11 0 NCT01625286 0
11 0 NCT01627119 0
11 0 NCT01633060 0
11 0 NCT01633203 0
11 0 NCT01637350 0
11 0 NCT01639924 0
11 0 NCT01640782 0
11 0 NCT01642797 0
11 0 NCT01646593 0
11 0 NCT01659632 0
11 0 NCT01662739 0
11 0 NCT01671449 0
11 0 NCT01675258 0
11 0 NCT01678027 0
11 0 NCT01679054 0
11 0 NCT01689376 0
11 0 NCT01690182 0
11 0 NCT01695473 0
11 0 NCT01697163 0
11 0 NCT01697943 0
11 0 NCT01704664 0
11 0 NCT01704703 0
11 0 NCT01705340 0
11 0 NCT01708161 1
11 0 NCT01714622 0
11 0 NCT01717612 0
11 0 NCT01719549 0
11 0 NCT01723774 0
11 0 NCT01727908 0
11 0 NCT01730677 0
11 0 NCT01736761 0
11 0 NCT01737450 0
11 0 NCT01740648 0
11 0 NCT01747707 0
11 0 NCT01751880 0
11 0 NCT01762410 0
11 0 NCT01772797 0
11 0 NCT01776008 0
11 0 NCT01783171 0
11 0 NCT01802320 0
11 0 NCT01811212 0
11 0 NCT01811667 0
11 0 NCT01814150 0
11 0 NCT01816594 0
11 0 NCT01816984 0
11 0 NCT01821196 0
11 0 NCT01822210 0
11 0 NCT01824953 0
11 0 NCT01830504 0
11 0 NCT01830907 0
11 0 NCT01833169 0
11 0 NCT01839773 0
11 0 NCT01848015 0
11 0 NCT01859182 0
11 0 NCT01859351 0
11 0 NCT01889303 0
11 0 NCT01896310 0
11 0 NCT01896531 0
11 0 NCT01905969 0
11 0 NCT01906632 0
11 0 NCT01910948 0
11 0 NCT01911936 0
11 0 NCT01918306 0
11 0 NCT01920061 0
11 0 NCT01922583 0
11 0 NCT01923168 0
11 0 NCT01928459 1
11 0 NCT01938313 0
11 0 NCT01941966 0
11 0 NCT01945177 0
11 0 NCT01946061 0
11 0 NCT01960023 0
11 0 NCT01962376 0
11 0 NCT01971489 0
11 0 NCT01989598 0
11 0 NCT01992952 0
11 0 NCT01996059 0
11 0 NCT02002416 0
11 0 NCT02007148 0
11 0 NCT02008422 0
11 0 NCT02041312 0
11 0 NCT02044926 0
11 0 NCT02047994 0
11 0 NCT02048371 0
11 0 NCT02050659 0
11 0 NCT02064803 0
11 0 NCT02085031 0
11 0 NCT02085564 0
11 0 NCT02088684 0
11 0 NCT02091141 0
11 0 NCT02092714 0
11 0 NCT02106325 0
11 0 NCT02109913 0
11 0 NCT02112214 0
11 0 NCT02117817 0
11 0 NCT02122562 0
11 0 NCT02130726 0
11 0 NCT02142803 0
11 0 NCT02145312 0
11 0 NCT02150447 0
11 0 NCT02155582 0
11 0 NCT02159339 0
11 0 NCT02161666 0
11 0 NCT02164240 0
11 0 NCT02164916 0
11 0 NCT02171286 0
11 0 NCT02189174 1
11 0 NCT02191566 0
11 0 NCT02197351 0
11 0 NCT02204306 0
11 0 NCT02216955 0
11 0 NCT02233205 0
11 0 NCT02260661 1
11 0 NCT02268435 0
11 0 NCT02273973 0
11 0 NCT02274376 0
11 0 NCT02274753 0
11 0 NCT02276027 0
11 0 NCT02276300 0
11 0 NCT02281214 0
11 0 NCT02282527 0
11 0 NCT02286219 0
11 0 NCT02298595 0
11 0 NCT02307240 0
11 0 NCT02307812 0
11 0 NCT02318329 0
11 0 NCT02322593 0
11 0 NCT02325323 0
11 0 NCT02325453 0
11 0 NCT02325999 0
11 0 NCT02333188 0
11 0 NCT02338622 0
11 0 NCT02340221 0
11 0 NCT02372227 0
11 0 NCT02372747 0
11 0 NCT02380131 0
11 0 NCT02385578 0
11 0 NCT02389842 1
11 0 NCT02389920 0
11 0 NCT02404844 0
11 0 NCT02423278 0
11 0 NCT02423603 0
11 0 NCT02428296 0
11 0 NCT02428426 0
11 0 NCT02430636 0
11 0 NCT02431078 0
11 0 NCT02439489 0
11 0 NCT02443818 0
11 0 NCT02449538 0
11 0 NCT02449564 1
11 0 NCT02449655 0
11 0 NCT02450656 0
11 0 NCT02451956 2
11 0 NCT02454647 0
11 0 NCT02454673 0
11 0 NCT02457910 0
11 0 NCT02461407 0
11 0 NCT02464215 0
11 0 NCT02466230 0
11 0 NCT02467582 0
11 0 NCT02476955 0
11 0 NCT02480725 0
11 0 NCT02489214 0
11 0 NCT02494882 0
11 0 NCT02504723 0
11 0 NCT02506556 0
11 0 NCT02508532 0
11 0 NCT02509806 0
11 0 NCT02510469 0
11 0 NCT02516735 0
11 0 NCT02534818 0
11 0 NCT02537171 0
11 0 NCT02538562 0
11 0 NCT02545647 0
11 0 NCT02549911 0
11 0 NCT02559492 0
11 0 NCT02562976 0
11 0 NCT02574663 0
11 0 NCT02576444 0
11 0 NCT02588495 0
11 0 NCT02589496 0
11 0 NCT02593539 0
11 0 NCT02593643 0
11 0 NCT02596256 0
11 0 NCT02606097 0
11 0 NCT02615730 2
11 0 NCT02624271 0
11 0 NCT02637531 0
11 0 NCT02638584 0
11 0 NCT02644122 0
11 0 NCT02646319 0
11 0 NCT02646748 0
11 0 NCT02647099 0
11 0 NCT02647476 0
11 0 NCT02662959 0
11 0 NCT02663427 0
11 0 NCT02668380 0
11 0 NCT02674373 0
11 0 NCT02679495 0
11 0 NCT02686424 0
11 0 NCT02688881 1
11 0 NCT02695186 0
11 0 NCT02696525 0
11 0 NCT02710838 0
11 0 NCT02725034 0
11 0 NCT02728258 0
11 0 NCT02738294 0
11 0 NCT02741778 0
11 0 NCT02744651 0
11 0 NCT02745509 0
11 0 NCT02746796 0
11 0 NCT02748551 0
11 0 NCT02749175 0
11 0 NCT02751086 0
11 0 NCT02761694 1
11 0 NCT02763878 0
11 0 NCT02764268 0
11 0 NCT02773524 0
11 0 NCT02776527 0
11 0 NCT02780921 0
11 0 NCT02781285 0
11 0 NCT02789826 0
11 0 NCT02800330 0
11 0 NCT02806661 0
11 0 NCT02815137 0
11 0 NCT02833363 0
11 0 NCT02845986 0
11 0 NCT02846688 0
11 0 NCT02848066 0
11 0 NCT02853474 0
11 0 NCT02855788 0
11 0 NCT02861300 0
11 0 NCT02872116 0
11 0 NCT02882685 0
11 0 NCT02887612 0
11 0 NCT02889328 0
11 0 NCT02892123 0
11 0 NCT02893085 0
11 0 NCT02906020 0
11 0 NCT02918162 0
11 0 NCT02923934 0
11 0 NCT02926716 0
11 0 NCT02942329 0
11 0 NCT02942706 0
11 0 NCT02944539 0
11 0 NCT02957266 0
11 0 NCT02960061 0
11 0 NCT02961283 1
11 0 NCT02969122 0
11 0 NCT02976142 0
11 0 NCT02980861 0
11 0 NCT02987959 0
11 0 NCT02989727 0
11 0 NCT03004443 0
11 0 NCT03006172 1
11 0 NCT03006263 0
11 0 NCT03008278 0
11 0 NCT03011151 0
11 0 NCT03015298 0
11 0 NCT03017521 1
11 0 NCT03025152 0
11 0 NCT03026881 0
11 0 NCT03027427 0
11 0 NCT03030404 0
11 0 NCT03045783 0
11 0 NCT03049345 0
11 0 NCT03056755 0
11 0 NCT03057171 0
11 0 NCT03061708 0
11 0 NCT03061825 0
11 0 NCT03065062 1
11 0 NCT03067792 0
11 0 NCT03071237 0
11 0 NCT03076567 0
11 0 NCT03079596 0
11 0 NCT03082833 0
11 0 NCT03090815 0
11 0 NCT03092518 0
11 0 NCT03094832 0
18 0 NCT00001165 0
18 0 NCT00001241 0
18 0 NCT00001431 0
18 0 NCT00002689 0
18 0 NCT00002773 0
18 0 NCT00002854 0
18 0 NCT00003018 0
18 0 NCT00003025 0
18 0 NCT00003029 0
18 0 NCT00003085 0
18 0 NCT00003157 0
18 0 NCT00003216 0
18 0 NCT00003332 0
18 0 NCT00003411 0
18 0 NCT00003426 0
18 0 NCT00003591 0
18 0 NCT00003810 0
18 0 NCT00004003 0
18 0 NCT00004604 0
18 0 NCT00004884 0
18 0 NCT00005594 0
18 0 NCT00005648 0
18 0 NCT00005832 0
18 0 NCT00006467 0
18 0 NCT00014456 0
18 0 NCT00014651 0
18 0 NCT00016965 0
18 0 NCT00019006 0
18 0 NCT00020345 0
18 0 NCT00023972 0
18 0 NCT00026403 0
18 0 NCT00027521 0
18 0 NCT00028834 0
18 0 NCT00030732 0
18 0 NCT00035035 0
18 0 NCT00038701 0
18 0 NCT00045747 0
18 0 NCT00047307 0
18 0 NCT00058201 0
18 0 NCT00059826 0
18 0 NCT00068432 0
18 0 NCT00068575 0
18 0 NCT00072436 0
18 0 NCT00075439 1
18 0 NCT00075686 0
18 0 NCT00081549 0
18 0 NCT00082862 0
18 0 NCT00085371 0
18 0 NCT00094978 0
18 0 NCT00100321 0
18 0 NCT00102700 0
18 0 NCT00114244 0
18 0 NCT00116389 0
18 0 NCT00121745 0
18 0 NCT00121901 0
18 0 NCT00125710 0
18 0 NCT00126607 0
18 0 NCT00141297 1
18 0 NCT00147485 1
18 0 NCT00161213 0
18 0 NCT00173732 0
18 0 NCT00176735 0
18 0 NCT00187902 0
18 0 NCT00192712 0
18 0 NCT00192842 0
18 0 NCT00198081 0
18 0 NCT00214786 0
18 0 NCT00222898 0
18 0 NCT00243854 0
18 0 NCT00251355 0
18 0 NCT00255827 0
18 0 NCT00259532 0
18 0 NCT00260364 0
18 0 NCT00261092 0
18 0 NCT00262951 0
18 0 NCT00272350 0
18 0 NCT00276250 0
18 0 NCT00280202 0
18 0 NCT00281996 0
18 0 NCT00288925 0
18 0 NCT00296114 0
18 0 NCT00324428 0
18 0 NCT00335543 0
18 0 NCT00336700 0
18 0 NCT00337883 0
18 0 NCT00338247 0
18 0 NCT00339404 0
18 0 NCT00369460 0
18 0 NCT00372944 0
18 0 NCT00377936 0
18 0 NCT00383149 0
18 0 NCT00383760 0
18 0 NCT00386399 0
18 0 NCT00409292 0
18 0 NCT00410774 0
18 0 NCT00411047 0
18 0 NCT00419549 0
18 0 NCT00419614 0
18 0 NCT00419627 0
18 0 NCT00428025 0
18 0 NCT00429858 1
18 0 NCT00437073 0
18 0 NCT00438906 1
18 0 NCT00448838 0
18 0 NCT00450281 0
18 0 NCT00456599 0
18 0 NCT00474812 0
18 0 NCT00478010 0
18 0 NCT00486460 0
18 0 NCT00486954 0
18 0 NCT00487851 0
18 0 NCT00495924 0
18 0 NCT00497224 0
18 0 NCT00498225 0
18 0 NCT00499486 0
18 0 NCT00500968 0
18 0 NCT00514163 0
18 0 NCT00521404 0
18 0 NCT00526578 0
18 0 NCT00536614 0
18 0 NCT00556023 0
18 0 NCT00557492 0
18 0 NCT00561990 0
18 0 NCT00569387 0
18 0 NCT00571818 0
18 0 NCT00577564 0
18 0 NCT00577889 0
18 0 NCT00580021 0
18 0 NCT00582062 0
18 0 NCT00582699 0
18 0 NCT00587132 0
18 0 NCT00588367 0
18 0 NCT00614601 0
18 0 NCT00618345 0
18 0 NCT00618826 0
18 0 NCT00622622 0
18 0 NCT00634725 0
18 0 NCT00639925 0
18 0 NCT00640978 0
18 0 NCT00644696 0
18 0 NCT00655785 0
18 0 NCT00657995 0
18 0 NCT00661648 0
18 0 NCT00661882 0
18 0 NCT00664482 0
18 0 NCT00666926 1
18 0 NCT00673569 0
18 0 NCT00679952 0
18 0 NCT00680420 0
18 0 NCT00683358 0
18 0 NCT00685763 0
18 0 NCT00690300 0
18 0 NCT00692640 1
18 0 NCT00696696 0
18 0 NCT00711997 0
18 0 NCT00714701 1
18 0 NCT00726037 0
18 0 NCT00728000 1
18 0 NCT00732082 0
18 0 NCT00733850 0
18 0 NCT00744640 0
18 0 NCT00748709 0
18 0 NCT00758381 0
18 0 NCT00761345 0
18 0 NCT00769535 0
18 0 NCT00783172 0
18 0 NCT00786006 0
18 0 NCT00791076 0
18 0 NCT00806611 0
18 0 NCT00810719 0
18 0 NCT00813163 0
18 0 NCT00820612 0
18 0 NCT00830557 0
18 0 NCT00835133 0
18 0 NCT00837876 0
18 0 NCT00841035 0
18 0 NCT00843050 0
18 0 NCT00843531 0
18 0 NCT00855985 0
18 0 NCT00868114 0
18 0 NCT00874146 0
18 0 NCT00878163 0
18 0 NCT00881725 0
18 0 NCT00885066 0
18 0 NCT00885248 0
18 0 NCT00897494 0
18 0 NCT00897741 0
18 0 NCT00897832 0
18 0 NCT00897988 0
18 0 NCT00898482 0
18 0 NCT00898781 0
18 0 NCT00899054 0
18 0 NCT00899132 0
18 0 NCT00899158 1
18 0 NCT00899873 0
18 0 NCT00900003 1
18 0 NCT00900016 0
18 0 NCT00918853 0
18 0 NCT00919282 0
18 0 NCT00919659 0
18 0 NCT00922896 0
18 0 NCT00923117 0
18 0 NCT00944463 0
18 0 NCT00947102 0
18 0 NCT00954226 0
18 0 NCT00960284 0
18 0 NCT00962520 0
18 0 NCT00966706 0
18 0 NCT00968175 0
18 0 NCT00970125 0
18 0 NCT00974610 0
18 0 NCT00981162 0
18 0 NCT00995007 0
18 0 NCT00997958 0
18 0 NCT00998322 0
18 0 NCT01010945 0
18 0 NCT01013649 0
18 0 NCT01015820 0
18 0 NCT01017822 0
18 0 NCT01021800 0
18 0 NCT01026324 0
18 0 NCT01037790 1
18 0 NCT01063192 0
18 0 NCT01064622 0
18 0 NCT01074996 0
18 0 NCT01088789 0
18 0 NCT01094561 0
18 0 NCT01094600 0
18 0 NCT01098344 0
18 0 NCT01102556 0
18 0 NCT01102569 0
18 0 NCT01104077 0
18 0 NCT01104129 0
18 0 NCT01110083 1
18 0 NCT01111591 0
18 0 NCT01116791 0
18 0 NCT01121588 0
18 0 NCT01129167 0
18 0 NCT01140321 0
18 0 NCT01140568 0
18 0 NCT01142128 0
18 0 NCT01156168 0
18 0 NCT01167738 0
18 0 NCT01182831 0
18 0 NCT01196247 0
18 0 NCT01209598 0
18 0 NCT01209962 0
18 0 NCT01210911 0
18 0 NCT01214720 0
18 0 NCT01219829 0
18 0 NCT01241929 0
18 0 NCT01255917 0
18 0 NCT01259544 0
18 0 NCT01266720 0
18 0 NCT01274455 0
18 0 NCT01276613 0
18 0 NCT01278368 0
18 0 NCT01294358 0
18 0 NCT01298011 0
18 0 NCT01298401 0
18 0 NCT01301222 0
18 0 NCT01303159 0
18 0 NCT01304160 0
18 0 NCT01330823 0
18 0 NCT01342224 0
18 0 NCT01346410 0
18 0 NCT01364805 0
18 0 NCT01365169 0
18 0 NCT01373164 0
18 0 NCT01384253 0
18 0 NCT01394120 0
18 0 NCT01394159 0
18 0 NCT01396668 0
18 0 NCT01396681 0
18 0 NCT01397019 0
18 0 NCT01401387 0
18 0 NCT01412892 0
18 0 NCT01415713 0
18 0 NCT01416714 0
18 0 NCT01419002 0
18 0 NCT01427712 0
18 0 NCT01427725 0
18 0 NCT01430052 0
18 0 NCT01434602 0
18 0 NCT01441986 0
18 0 NCT01446458 0
18 0 NCT01446861 0
18 0 NCT01455610 0
18 0 NCT01457846 0
18 0 NCT01459614 0
18 0 NCT01472198 0
18 0 NCT01472731 0
18 0 NCT01474564 0
18 0 NCT01476137 1
18 0 NCT01486329 0
18 0 NCT01489865 0
18 0 NCT01497392 0
18 0 NCT01510405 0
18 0 NCT01515046 0
18 0 NCT01523340 0
18 0 NCT01523457 0
18 0 NCT01523808 0
18 0 NCT01563133 0
18 0 NCT01580241 1
18 0 NCT01585662 0
18 0 NCT01585805 0
18 0 NCT01586611 0
18 0 NCT01587534 0
18 0 NCT01598584 0
18 0 NCT01600807 0
18 0 NCT01613950 0
18 0 NCT01615653 0
18 0 NCT01628458 0
18 0 NCT01634984 0
18 0 NCT01638533 0
18 0 NCT01660971 0
18 0 NCT01662284 0
18 0 NCT01662739 0
18 0 NCT01666184 0
18 0 NCT01675258 0
18 0 NCT01693419 0
18 0 NCT01696903 0
18 0 NCT01697293 0
18 0 NCT01701375 0
18 0 NCT01703650 0
18 0 NCT01707758 0
18 0 NCT01715142 1
18 0 NCT01717196 0
18 0 NCT01717599 0
18 0 NCT01719549 0
18 0 NCT01723774 0
18 0 NCT01726582 1
18 0 NCT01728818 1
18 0 NCT01734967 0
18 0 NCT01744353 0
18 0 NCT01744847 0
18 0 NCT01748825 1
18 0 NCT01755260 0
18 0 NCT01773031 0
18 0 NCT01774162 0
18 0 NCT01783171 1
18 0 NCT01791387 0
18 0 NCT01792466 0
18 0 NCT01795768 0
18 0 NCT01796028 0
18 0 NCT01798446 0
18 0 NCT01806675 0
18 0 NCT01828021 0
18 0 NCT01834170 0
18 0 NCT01836432 0
18 0 NCT01844817 0
18 0 NCT01864746 0
18 0 NCT01877317 0
18 0 NCT01893294 0
18 0 NCT01895790 0
18 0 NCT01903083 0
18 0 NCT01908478 0
18 0 NCT01911689 0
18 0 NCT01911936 0
18 0 NCT01912716 0
18 0 NCT01919229 0
18 0 NCT01921751 0
18 0 NCT01929538 0
18 0 NCT01929915 0
18 0 NCT01942629 0
18 0 NCT01957696 0
18 0 NCT01958021 0
18 0 NCT01962909 0
18 0 NCT01971034 0
18 0 NCT01976169 0
18 0 NCT01986595 0
18 0 NCT01989000 0
18 0 NCT01989624 0
18 0 NCT01994681 0
18 0 NCT01996267 0
18 0 NCT01997476 0
18 0 NCT02002416 0
18 0 NCT02004262 0
18 0 NCT02022787 0
18 0 NCT02022982 1
18 0 NCT02024633 0
18 0 NCT02025049 0
18 0 NCT02026960 0
18 0 NCT02028806 0
18 0 NCT02030483 0
18 0 NCT02040857 0
18 0 NCT02041936 0
18 0 NCT02043288 0
18 0 NCT02043730 0
18 0 NCT02048267 0
18 0 NCT02057146 0
18 0 NCT02070705 0
18 0 NCT02078245 0
18 0 NCT02079363 0
18 0 NCT02079623 0
18 0 NCT02080650 0
18 0 NCT02089269 0
18 0 NCT02091141 1
18 0 NCT02102022 0
18 0 NCT02106884 0
18 0 NCT02110498 0
18 0 NCT02113046 0
18 0 NCT02126332 0
18 0 NCT02142803 0
18 0 NCT02150135 0
18 0 NCT02154490 0
18 0 NCT02154737 0
18 0 NCT02157857 0
18 0 NCT02161419 0
18 0 NCT02162823 1
18 0 NCT02166099 0
18 0 NCT02172976 0
18 0 NCT02175992 0
18 0 NCT02178436 0
18 0 NCT02179970 0
18 0 NCT02187783 1
18 0 NCT02190071 0
18 0 NCT02194829 0
18 0 NCT02204189 0
18 0 NCT02206360 0
18 0 NCT02207985 0
18 0 NCT02210559 0
18 0 NCT02220062 0
18 0 NCT02227940 1
18 0 NCT02233205 0
18 0 NCT02243007 0
18 0 NCT02250638 0
18 0 NCT02277834 0
18 0 NCT02278120 0
18 0 NCT02279602 0
18 0 NCT02296736 0
18 0 NCT02301143 0
18 0 NCT02303678 0
18 0 NCT02305914 0
18 0 NCT02308020 0
18 0 NCT02308891 0
18 0 NCT02309177 0
18 0 NCT02309632 0
18 0 NCT02310243 0
18 0 NCT02319018 1
18 0 NCT02333409 0
18 0 NCT02334527 0
18 0 NCT02336087 0
18 0 NCT02343406 0
18 0 NCT02343692 0
18 0 NCT02345824 0
18 0 NCT02346448 0
18 0 NCT02389842 1
18 0 NCT02400996 0
18 0 NCT02405585 0
18 0 NCT02413762 0
18 0 NCT02418234 0
18 0 NCT02422615 0
18 0 NCT02428270 0
18 0 NCT02435121 0
18 0 NCT02436564 0
18 0 NCT02447419 0
18 0 NCT02448290 0
18 0 NCT02449551 0
18 0 NCT02451982 0
18 0 NCT02458508 0
18 0 NCT02459041 0
18 0 NCT02459652 0
18 0 NCT02461836 0
18 0 NCT02461849 1
18 0 NCT02465060 0
18 0 NCT02487277 0
18 0 NCT02489695 0
18 0 NCT02494388 0
18 0 NCT02499614 0
18 0 NCT02508467 0
18 0 NCT02523170 0
18 0 NCT02529579 0
18 0 NCT02530320 0
18 0 NCT02531607 0
18 0 NCT02550847 0
18 0 NCT02555813 0
18 0 NCT02563080 0
18 0 NCT02565641 0
18 0 NCT02571829 0
18 0 NCT02575508 1
18 0 NCT02587689 1
18 0 NCT02593019 0
18 0 NCT02599714 0
18 0 NCT02605564 0
18 0 NCT02623257 0
18 0 NCT02624154 0
18 0 NCT02632045 0
18 0 NCT02637596 0
18 0 NCT02638909 1
18 0 NCT02644122 0
18 0 NCT02654288 0
18 0 NCT02657330 0
18 0 NCT02681796 0
18 0 NCT02682394 0
18 0 NCT02688907 0
18 0 NCT02691052 0
18 0 NCT02693535 1
18 0 NCT02701907 0
18 0 NCT02704143 0
18 0 NCT02704156 0
18 0 NCT02706691 0
18 0 NCT02707159 0
18 0 NCT02726854 1
18 0 NCT02732119 0
18 0 NCT02734680 0
18 0 NCT02738866 0
18 0 NCT02745847 0
18 0 NCT02749136 0
18 0 NCT02758587 1
18 0 NCT02763566 0
18 0 NCT02775227 0
18 0 NCT02775461 0
18 0 NCT02777463 0
18 0 NCT02780128 0
18 0 NCT02780687 0
18 0 NCT02781012 0
18 0 NCT02784795 0
18 0 NCT02785939 0
18 0 NCT02790944 1
18 0 NCT02806648 2
18 0 NCT02806687 0
18 0 NCT02807896 0
18 0 NCT02818829 0
18 0 NCT02818907 0
18 0 NCT02821026 0
18 0 NCT02822482 0
18 0 NCT02831530 0
18 0 NCT02843412 0
18 0 NCT02846571 0
18 0 NCT02858141 0
18 0 NCT02862015 0
18 0 NCT02863770 0
18 0 NCT02863783 0
18 0 NCT02871336 0
18 0 NCT02871791 0
18 0 NCT02886247 0
18 0 NCT02887599 0
18 0 NCT02890355 0
18 0 NCT02896335 0
18 0 NCT02896907 0
18 0 NCT02897375 0
18 0 NCT02905318 0
18 0 NCT02907918 0
18 0 NCT02919371 0
18 0 NCT02919787 0
18 0 NCT02920567 0
18 0 NCT02928718 0
18 0 NCT02934984 0
18 0 NCT02941926 0
18 0 NCT02946359 0
18 0 NCT02947932 0
18 0 NCT02952729 0
18 0 NCT02952859 0
18 0 NCT02957981 0
18 0 NCT02959164 0
18 0 NCT02964403 0
18 0 NCT02977702 0
18 0 NCT02981342 2
18 0 NCT02981940 0
18 0 NCT02985125 0
18 0 NCT02985801 0
18 0 NCT03001505 0
18 0 NCT03003078 0
18 0 NCT03023722 0
18 0 NCT03024489 0
18 0 NCT03042442 0
18 0 NCT03050398 0
18 0 NCT03056755 0
18 0 NCT03058198 0
18 0 NCT03060720 0
18 0 NCT03063398 0
18 0 NCT03065062 2
18 0 NCT03069664 0
18 0 NCT03071705 0
18 0 NCT03076216 0
18 0 NCT03076372 0
18 0 NCT03076502 0
18 0 NCT03084224 0
18 0 NCT03096912 0
18 0 NCT03106155 0
21 0 NCT00002822 0
21 0 NCT00002999 0
21 0 NCT00003002 0
21 0 NCT00003159 0
21 0 NCT00003235 0
21 0 NCT00003329 0
21 0 NCT00003491 0
21 0 NCT00003526 0
21 0 NCT00004178 0
21 0 NCT00005666 0
21 0 NCT00005850 0
21 0 NCT00020202 0
21 0 NCT00024076 0
21 0 NCT00026910 0
21 0 NCT00040794 0
21 0 NCT00041262 0
21 0 NCT00046527 0
21 0 NCT00048633 0
21 0 NCT00048880 0
21 0 NCT00050960 0
21 0 NCT00058526 0
21 0 NCT00073385 0
21 0 NCT00073398 0
21 0 NCT00082017 0
21 0 NCT00085852 0
21 0 NCT00087412 0
21 0 NCT00090961 0
21 0 NCT00101972 0
21 0 NCT00117351 0
21 0 NCT00119171 0
21 0 NCT00123747 0
21 0 NCT00126581 2
21 0 NCT00129844 0
21 0 NCT00136513 0
21 0 NCT00136578 0
21 0 NCT00159341 0
21 0 NCT00162110 0
21 0 NCT00198380 0
21 0 NCT00205907 0
21 0 NCT00205920 0
21 0 NCT00207337 0
21 0 NCT00209079 0
21 0 NCT00216138 0
21 0 NCT00222144 0
21 0 NCT00246181 0
21 0 NCT00260871 0
21 0 NCT00284141 0
21 0 NCT00347659 0
21 0 NCT00430261 0
21 0 NCT00435253 0
21 0 NCT00456716 0
21 0 NCT00507091 0
21 0 NCT00511485 0
21 0 NCT00514215 0
21 0 NCT00515164 0
21 0 NCT00517998 0
21 0 NCT00566839 0
21 0 NCT00579683 0
21 0 NCT00585195 2
21 0 NCT00591838 0
21 0 NCT00600587 0
21 0 NCT00613860 0
21 0 NCT00630227 0
21 0 NCT00650559 0
21 0 NCT00675454 0
21 0 NCT00680641 0
21 0 NCT00684892 0
21 0 NCT00716456 0
21 0 NCT00730301 0
21 0 NCT00754923 0
21 0 NCT00858520 0
21 0 NCT00869544 0
21 0 NCT00883480 0
21 0 NCT00890617 0
21 0 NCT00897533 0
21 0 NCT00900328 0
21 0 NCT00925171 0
21 0 NCT00932451 1
21 0 NCT00932893 1
21 0 NCT00935779 0
21 0 NCT00940069 0
21 0 NCT00958321 0
21 0 NCT00995852 0
21 0 NCT01014286 0
21 0 NCT01022723 0
21 0 NCT01026467 0
21 0 NCT01041586 0
21 0 NCT01051258 0
21 0 NCT01051934 0
21 0 NCT01100840 0
21 0 NCT01101958 0
21 0 NCT01102712 0
21 0 NCT01106781 0
21 0 NCT01121367 0
21 0 NCT01121588 1
21 0 NCT01124864 1
21 0 NCT01131429 0
21 0 NCT01141686 0
21 0 NCT01154140 1
21 0 NCT01163058 1
21 0 NCT01167972 0
21 0 NCT01180153 0
21 0 NCT01181466 0
21 0 NCT01218126 0
21 0 NCT01218516 0
21 0 NCT01220908 0
21 0 NCT01237171 0
21 0 NCT01249053 0
21 0 NCT01249066 0
21 0 NCT01257308 0
21 0 NCT01288430 0
21 0 NCT01300429 0
21 0 NCT01306513 0
21 0 NCT01321411 0
21 0 NCT01325441 1
21 0 NCT01334307 0
21 0 NCT01336920 0
21 0 NCT01357460 0
21 0 NCT01360931 0
21 0 NCT01362790 0
21 0 NCT01385722 0
21 0 NCT01401504 0
21 0 NCT01415739 0
21 0 NCT01421082 0
21 0 NCT01431625 0
21 0 NCT01441128 1
21 0 NCT01449461 1
21 0 NCT01457833 0
21 0 NCT01465854 0
21 0 NCT01482585 0
21 0 NCT01497457 0
21 0 NCT01500824 0
21 0 NCT01502202 0
21 0 NCT01525199 0
21 0 NCT01557959 0
21 0 NCT01561456 0
21 0 NCT01564329 0
21 0 NCT01578551 0
21 0 NCT01578668 0
21 0 NCT01579994 2
21 0 NCT01588704 0
21 0 NCT01596374 0
21 0 NCT01620853 0
21 0 NCT01625234 1
21 0 NCT01633970 0
21 0 NCT01637597 1
21 0 NCT01639001 1
21 0 NCT01640288 0
21 0 NCT01662635 0
21 0 NCT01682018 0
21 0 NCT01682850 0
21 0 NCT01687946 0
21 0 NCT01718847 0
21 0 NCT01719263 0
21 0 NCT01725165 0
21 0 NCT01744093 0
21 0 NCT01758055 0
21 0 NCT01761240 0
21 0 NCT01772797 1
21 0 NCT01774526 0
21 0 NCT01784640 0
21 0 NCT01796392 0
21 0 NCT01798485 0
21 0 NCT01803282 0
21 0 NCT01806636 0
21 0 NCT01819363 0
21 0 NCT01822496 2
21 0 NCT01822795 0
21 0 NCT01823068 0
21 0 NCT01824966 0
21 0 NCT01827852 0
21 0 NCT01828112 1
21 0 NCT01829217 2
21 0 NCT01834170 0
21 0 NCT01835925 0
21 0 NCT01836133 0
21 0 NCT01839955 1
21 0 NCT01851096 0
21 0 NCT01860898 0
21 0 NCT01861223 0
21 0 NCT01869205 0
21 0 NCT01871480 0
21 0 NCT01871805 1
21 0 NCT01877083 0
21 0 NCT01877811 0
21 0 NCT01922583 2
21 0 NCT01930474 0
21 0 NCT01932229 0
21 0 NCT01935336 0
21 0 NCT01942629 0
21 0 NCT01945021 0
21 0 NCT01946100 0
21 0 NCT01949181 0
21 0 NCT01958372 0
21 0 NCT01964157 0
21 0 NCT01969734 0
21 0 NCT01970865 2
21 0 NCT01982955 0
21 0 NCT01986595 0
21 0 NCT01994057 1
21 0 NCT02006576 0
21 0 NCT02008162 0
21 0 NCT02010047 0
21 0 NCT02011997 0
21 0 NCT02013219 1
21 0 NCT02019979 0
21 0 NCT02022683 0
21 0 NCT02025205 0
21 0 NCT02034097 0
21 0 NCT02034981 0
21 0 NCT02040870 1
21 0 NCT02041468 0
21 0 NCT02042105 0
21 0 NCT02048488 1
21 0 NCT02093000 0
21 0 NCT02094573 1
21 0 NCT02097810 1
21 0 NCT02103257 0
21 0 NCT02121925 0
21 0 NCT02125240 0
21 0 NCT02132143 0
21 0 NCT02134912 1
21 0 NCT02146170 0
21 0 NCT02155465 0
21 0 NCT02183870 0
21 0 NCT02186821 1
21 0 NCT02194738 0
21 0 NCT02201992 1
21 0 NCT02207985 0
21 0 NCT02227940 1
21 0 NCT02228421 0
21 0 NCT02231164 0
21 0 NCT02239432 0
21 0 NCT02259114 1
21 0 NCT02273336 0
21 0 NCT02277457 0
21 0 NCT02281214 0
21 0 NCT02283424 0
21 0 NCT02284490 0
21 0 NCT02289833 1
21 0 NCT02292550 1
21 0 NCT02300298 1
21 0 NCT02304406 0
21 0 NCT02321046 0
21 0 NCT02321501 1
21 0 NCT02327078 1
21 0 NCT02336451 2
21 0 NCT02350764 0
21 0 NCT02369484 0
21 0 NCT02372448 0
21 0 NCT02399566 0
21 0 NCT02404441 1
21 0 NCT02407327 0
21 0 NCT02411591 1
21 0 NCT02417662 0
21 0 NCT02419287 0
21 0 NCT02420405 0
21 0 NCT02426658 0
21 0 NCT02437136 1
21 0 NCT02450591 0
21 0 NCT02450903 1
21 0 NCT02451865 0
21 0 NCT02451930 1
21 0 NCT02463994 0
21 0 NCT02465528 0
21 0 NCT02473497 1
21 0 NCT02493582 0
21 0 NCT02498613 1
21 0 NCT02502240 0
21 0 NCT02511288 0
21 0 NCT02513667 2
21 0 NCT02518802 0
21 0 NCT02521051 1
21 0 NCT02551653 0
21 0 NCT02553187 0
21 0 NCT02554591 0
21 0 NCT02561273 0
21 0 NCT02568267 1
21 0 NCT02572453 0
21 0 NCT02574598 0
21 0 NCT02587650 0
21 0 NCT02605746 0
21 0 NCT02616211 0
21 0 NCT02621333 0
21 0 NCT02625168 0
21 0 NCT02638909 0
21 0 NCT02643407 0
21 0 NCT02668393 0
21 0 NCT02671045 0
21 0 NCT02679170 0
21 0 NCT02691871 0
21 0 NCT02695550 1
21 0 NCT02704767 0
21 0 NCT02705144 0
21 0 NCT02706626 1
21 0 NCT02708667 0
21 0 NCT02710396 0
21 0 NCT02718651 0
21 0 NCT02730897 0
21 0 NCT02737501 1
21 0 NCT02737774 0
21 0 NCT02738684 0
21 0 NCT02741778 0
21 0 NCT02743923 0
21 0 NCT02750215 0
21 0 NCT02755675 0
21 0 NCT02767804 1
21 0 NCT02778802 0
21 0 NCT02781337 0
21 0 NCT02784158 1
21 0 NCT02788669 0
21 0 NCT02799095 0
21 0 NCT02803619 0
21 0 NCT02804646 0
21 0 NCT02804776 0
21 0 NCT02805530 0
21 0 NCT02810262 0
21 0 NCT02812680 0
21 0 NCT02831933 0
21 0 NCT02838420 1
21 0 NCT02839681 2
21 0 NCT02843711 0
21 0 NCT02880371 1
21 0 NCT02891733 0
21 0 NCT02898857 0
21 0 NCT02900248 0
21 0 NCT02921308 0
21 0 NCT02941003 0
21 0 NCT02946216 0
21 0 NCT02946359 2
21 0 NCT02947386 1
21 0 NCT02949843 1
21 0 NCT02951637 0
21 0 NCT02951897 0
21 0 NCT02959619 1
21 0 NCT02967497 0
21 0 NCT02975752 0
21 0 NCT02979821 0
21 0 NCT02980991 0
21 0 NCT03000179 0
21 0 NCT03010592 0
21 0 NCT03026439 0
21 0 NCT03029065 0
21 0 NCT03036189 0
21 0 NCT03042221 0
21 0 NCT03049449 0
21 0 NCT03049618 1
21 0 NCT03059641 0
21 0 NCT03066297 0
21 0 NCT03066661 1
21 0 NCT03076164 0
21 0 NCT03087448 1
21 0 NCT03087708 0
21 0 NCT03088930 1
21 0 NCT03090815 0
21 0 NCT03099174 1
26 0 NCT00000529 0
26 0 NCT00001239 0
26 0 NCT00001350 0
26 0 NCT00001493 0
26 0 NCT00001496 0
26 0 NCT00001498 0
26 0 NCT00001806 0
26 0 NCT00001837 0
26 0 NCT00002460 0
26 0 NCT00002542 0
26 0 NCT00002543 0
26 0 NCT00002544 0
26 0 NCT00002564 0
26 0 NCT00002582 0
26 0 NCT00002826 0
26 0 NCT00002851 0
26 0 NCT00002934 0
26 0 NCT00003012 0
26 0 NCT00003016 0
26 0 NCT00003095 2
26 0 NCT00003329 0
26 0 NCT00003440 0
26 0 NCT00003577 0
26 0 NCT00003654 0
26 0 NCT00003678 0
26 0 NCT00003771 0
26 0 NCT00003893 0
26 0 NCT00004067 0
26 0 NCT00005079 0
26 0 NCT00005832 0
26 0 NCT00005833 0
26 0 NCT00006030 0
26 0 NCT00010153 0
26 0 NCT00014612 0
26 0 NCT00016276 0
26 0 NCT00016549 0
26 0 NCT00020852 0
26 0 NCT00022087 0
26 0 NCT00022516 0
26 0 NCT00028340 0
26 0 NCT00028704 0
26 0 NCT00032201 0
26 0 NCT00043472 0
26 0 NCT00045032 0
26 0 NCT00047970 0
26 0 NCT00054418 0
26 0 NCT00066703 0
26 0 NCT00066807 0
26 0 NCT00068263 0
26 0 NCT00068341 0
26 0 NCT00068614 0
26 0 NCT00070278 0
26 0 NCT00074152 0
26 0 NCT00080860 0
26 0 NCT00081003 0
26 0 NCT00083018 0
26 0 NCT00083733 0
26 0 NCT00086749 0
26 0 NCT00087347 0
26 0 NCT00089999 0
26 0 NCT00090480 0
26 0 NCT00090974 0
26 0 NCT00093795 0
26 0 NCT00096668 0
26 0 NCT00097487 0
26 0 NCT00105456 0
26 0 NCT00136539 0
26 0 NCT00148681 0
26 0 NCT00153218 0
26 0 NCT00153400 0
26 0 NCT00155259 0
26 0 NCT00156052 0
26 0 NCT00156130 0
26 0 NCT00161265 0
26 0 NCT00162812 0
26 0 NCT00171314 0
26 0 NCT00173251 0
26 0 NCT00174707 0
26 0 NCT00179309 0
26 0 NCT00182793 0
26 0 NCT00187343 0
26 0 NCT00188591 0
26 0 NCT00189644 0
26 0 NCT00191373 0
26 0 NCT00194337 0
26 0 NCT00201760 0
26 0 NCT00201929 0
26 0 NCT00204607 0
26 0 NCT00206427 0
26 0 NCT00206492 0
26 0 NCT00209001 0
26 0 NCT00216047 0
26 0 NCT00217815 0
26 0 NCT00225758 0
26 0 NCT00233974 0
26 0 NCT00238316 0
26 0 NCT00251329 0
26 0 NCT00253500 0
26 0 NCT00254592 0
26 0 NCT00256217 0
26 0 NCT00268502 0
26 0 NCT00277004 0
26 0 NCT00291083 0
26 0 NCT00291694 0
26 0 NCT00291759 0
26 0 NCT00300781 0
26 0 NCT00304941 0
26 0 NCT00309933 0
26 0 NCT00320385 0
26 0 NCT00320541 0
26 0 NCT00337233 0
26 0 NCT00339248 0
26 0 NCT00349011 0
26 0 NCT00374322 0
26 0 NCT00387062 0
26 0 NCT00392392 0
26 0 NCT00399529 0
26 0 NCT00412412 0
26 0 NCT00418210 0
26 0 NCT00422448 0
26 0 NCT00423917 0
26 0 NCT00426335 0
26 0 NCT00427245 0
26 0 NCT00431704 0
26 0 NCT00437073 0
26 0 NCT00438477 0
26 0 NCT00445445 0
26 0 NCT00445562 0
26 0 NCT00448266 0
26 0 NCT00450723 0
26 0 NCT00461253 0
26 0 NCT00466102 0
26 0 NCT00470704 0
26 0 NCT00478257 0
26 0 NCT00479856 0
26 0 NCT00481884 0
26 0 NCT00490139 0
26 0 NCT00490646 0
26 0 NCT00495924 0
26 0 NCT00496795 0
26 0 NCT00499525 0
26 0 NCT00509509 0
26 0 NCT00517088 0
26 0 NCT00527293 0
26 0 NCT00534755 0
26 0 NCT00540852 0
26 0 NCT00548184 0
26 0 NCT00553332 0
26 0 NCT00553410 0
26 0 NCT00555386 0
26 0 NCT00555503 0
26 0 NCT00557986 0
26 0 NCT00582322 0
26 0 NCT00590785 0
26 0 NCT00601159 0
26 0 NCT00610467 0
26 0 NCT00620087 0
26 0 NCT00625898 0
26 0 NCT00632489 0
26 0 NCT00633750 0
26 0 NCT00636467 0
26 0 NCT00640861 0
26 0 NCT00656604 0
26 0 NCT00666731 0
26 0 NCT00667251 0
26 0 NCT00670644 0
26 0 NCT00680758 0
26 0 NCT00695422 0
26 0 NCT00701584 0
26 0 NCT00705315 0
26 0 NCT00721409 0
26 0 NCT00723398 0
26 0 NCT00736333 0
26 0 NCT00739544 0
26 0 NCT00754351 0
26 0 NCT00768859 0
26 0 NCT00769379 0
26 0 NCT00776308 0
26 0 NCT00780000 0
26 0 NCT00788489 0
26 0 NCT00796055 0
26 0 NCT00801476 0
26 0 NCT00810017 0
26 0 NCT00813878 0
26 0 NCT00817362 0
26 0 NCT00817531 0
26 0 NCT00819780 0
26 0 NCT00820924 0
26 0 NCT00821886 0
26 0 NCT00827177 0
26 0 NCT00834678 0
26 0 NCT00842998 0
26 0 NCT00866177 0
26 0 NCT00869206 0
26 0 NCT00870415 0
26 0 NCT00874146 0
26 0 NCT00874458 0
26 0 NCT00875979 0
26 0 NCT00894504 0
26 0 NCT00896818 0
26 0 NCT00897208 0
26 0 NCT00897338 0
26 0 NCT00897702 0
26 0 NCT00897728 0
26 0 NCT00898508 0
26 0 NCT00898898 0
26 0 NCT00898976 0
26 0 NCT00899197 0
26 0 NCT00899509 0
26 0 NCT00900224 0
26 0 NCT00905645 0
26 0 NCT00909649 0
26 0 NCT00909909 0
26 0 NCT00912080 0
26 0 NCT00912275 0
26 0 NCT00914017 0
26 0 NCT00918892 0
26 0 NCT00923377 0
26 0 NCT00930579 0
26 0 NCT00930930 0
26 0 NCT00932035 0
26 0 NCT00932373 0
26 0 NCT00941499 0
26 0 NCT00941759 0
26 0 NCT00945061 0
26 0 NCT00949871 0
26 0 NCT00950742 0
26 0 NCT00952692 0
26 0 NCT00957125 0
26 0 NCT00958971 0
26 0 NCT00965276 0
26 0 NCT00966888 0
26 0 NCT00972010 0
26 0 NCT00991263 0
26 0 NCT01004666 0
26 0 NCT01005641 0
26 0 NCT01019512 0
26 0 NCT01029925 0
26 0 NCT01031446 0
26 0 NCT01037790 0
26 0 NCT01046929 0
26 0 NCT01050322 0
26 0 NCT01053598 0
26 0 NCT01057069 0
26 0 NCT01066507 0
26 0 NCT01074528 0
26 0 NCT01077154 0
26 0 NCT01081600 0
26 0 NCT01082211 0
26 0 NCT01083641 0
26 0 NCT01088893 0
26 0 NCT01089374 0
26 0 NCT01100840 0
26 0 NCT01111825 0
26 0 NCT01127763 0
26 0 NCT01133912 0
26 0 NCT01137994 0
26 0 NCT01147016 0
26 0 NCT01156168 0
26 0 NCT01168050 0
26 0 NCT01176669 0
26 0 NCT01182519 0
26 0 NCT01197456 0
26 0 NCT01198743 0
26 0 NCT01202591 0
26 0 NCT01205217 0
26 0 NCT01219907 0
26 0 NCT01222377 0
26 0 NCT01225328 0
26 0 NCT01225536 1
26 0 NCT01231386 0
26 0 NCT01232062 0
26 0 NCT01247441 0
26 0 NCT01247480 0
26 0 NCT01254136 0
26 0 NCT01256801 0
26 0 NCT01257360 0
26 0 NCT01272141 0
26 0 NCT01275677 0
26 0 NCT01282502 0
26 0 NCT01283789 0
26 0 NCT01299623 0
26 0 NCT01302379 0
26 0 NCT01305915 0
26 0 NCT01309607 0
26 0 NCT01312857 0
26 0 NCT01313039 0
26 0 NCT01320085 0
26 0 NCT01320254 0
26 0 NCT01322893 0
26 0 NCT01328171 0
26 0 NCT01334021 0
26 0 NCT01337765 0
26 0 NCT01351584 0
26 0 NCT01351974 0
26 0 NCT01355393 0
26 0 NCT01358812 0
26 0 NCT01360931 0
26 0 NCT01362296 0
26 0 NCT01363232 0
26 0 NCT01365845 0
26 0 NCT01367288 0
26 0 NCT01380925 0
26 0 NCT01386411 0
26 0 NCT01390818 1
26 0 NCT01391806 0
26 0 NCT01395056 0
26 0 NCT01401062 0
26 0 NCT01410708 0
26 0 NCT01412957 0
26 0 NCT01414933 0
26 0 NCT01415674 0
26 0 NCT01421472 0
26 0 NCT01428414 0
26 0 NCT01433809 0
26 0 NCT01434134 0
26 0 NCT01439191 0
26 0 NCT01445054 0
26 0 NCT01446185 0
26 0 NCT01449058 0
26 0 NCT01451580 0
26 0 NCT01454479 0
26 0 NCT01457846 0
26 0 NCT01459003 0
26 0 NCT01484483 0
26 0 NCT01484704 0
26 0 NCT01501656 0
26 0 NCT01503190 0
26 0 NCT01505400 0
26 0 NCT01508000 0
26 0 NCT01519427 0
26 0 NCT01520194 0
26 0 NCT01521676 0
26 0 NCT01522300 0
26 0 NCT01523340 0
26 0 NCT01528826 0
26 0 NCT01541878 0
26 0 NCT01542983 0
26 0 NCT01543113 0
26 0 NCT01560663 0
26 0 NCT01562288 0
26 0 NCT01583426 0
26 0 NCT01597921 0
26 0 NCT01608451 0
26 0 NCT01611727 0
26 0 NCT01612338 0
26 0 NCT01617915 0
26 0 NCT01619306 0
26 0 NCT01630226 0
26 0 NCT01642511 0
26 0 NCT01647607 0
26 0 NCT01652560 0
26 0 NCT01658358 0
26 0 NCT01660776 0
26 0 NCT01666171 0
26 0 NCT01668238 0
26 0 NCT01668498 0
26 0 NCT01668914 0
26 0 NCT01669252 0
26 0 NCT01669265 0
26 0 NCT01693068 0
26 0 NCT01697293 0
26 0 NCT01698918 0
26 0 NCT01704703 0
26 0 NCT01719549 0
26 0 NCT01722851 0
26 0 NCT01722890 0
26 0 NCT01723774 0
26 0 NCT01726738 0
26 0 NCT01730118 0
26 0 NCT01732276 0
26 0 NCT01740648 0
26 0 NCT01758146 0
26 0 NCT01763164 0
26 0 NCT01770353 0
26 0 NCT01776008 0
26 0 NCT01781429 0
26 0 NCT01781572 0
26 0 NCT01793948 0
26 0 NCT01795768 0
26 0 NCT01801904 0
26 0 NCT01814501 0
26 0 NCT01815476 0
26 0 NCT01819324 0
26 0 NCT01828021 0
26 0 NCT01830244 0
26 0 NCT01834521 0
26 0 NCT01836640 0
26 0 NCT01840163 0
26 0 NCT01843062 0
26 0 NCT01843725 0
26 0 NCT01875367 0
26 0 NCT01881022 0
26 0 NCT01884168 0
26 0 NCT01887288 0
26 0 NCT01894711 0
26 0 NCT01904903 0
26 0 NCT01906632 0
26 0 NCT01907529 0
26 0 NCT01907815 0
26 0 NCT01910610 0
26 0 NCT01915589 0
26 0 NCT01915602 0
26 0 NCT01922583 0
26 0 NCT01925274 0
26 0 NCT01928680 0
26 0 NCT01932073 0
26 0 NCT01937052 0
26 0 NCT01941927 0
26 0 NCT01943786 0
26 0 NCT01953926 0
26 0 NCT01960023 0
26 0 NCT01983098 0
26 0 NCT01984866 0
26 0 NCT01986569 0
26 0 NCT01989598 0
26 0 NCT01996267 0
26 0 NCT01998906 0
26 0 NCT02003209 0
26 0 NCT02005926 0
26 0 NCT02027818 0
26 0 NCT02028221 0
26 0 NCT02032563 0
26 0 NCT02032745 0
26 0 NCT02038010 0
26 0 NCT02039388 0
26 0 NCT02041364 0
26 0 NCT02044926 0
26 0 NCT02053636 0
26 0 NCT02063529 0
26 0 NCT02065063 0
26 0 NCT02066532 0
26 0 NCT02067416 0
26 0 NCT02067741 0
26 0 NCT02079740 1
26 0 NCT02084784 0
26 0 NCT02086721 0
26 0 NCT02091141 0
26 0 NCT02101879 0
26 0 NCT02102282 0
26 0 NCT02102438 0
26 0 NCT02103062 0
26 0 NCT02108561 0
26 0 NCT02117466 0
26 0 NCT02120222 0
26 0 NCT02138292 0
26 0 NCT02142907 0
26 0 NCT02148575 0
26 0 NCT02152995 0
26 0 NCT02156804 0
26 0 NCT02162667 0
26 0 NCT02164916 0
26 0 NCT02171286 0
26 0 NCT02187744 0
26 0 NCT02187783 0
26 0 NCT02187991 0
26 0 NCT02188745 0
26 0 NCT02189174 0
26 0 NCT02189278 0
26 0 NCT02195076 0
26 0 NCT02199223 0
26 0 NCT02204462 0
26 0 NCT02205398 0
26 0 NCT02212834 0
26 0 NCT02214004 0
26 0 NCT02238509 0
26 0 NCT02243917 0
26 0 NCT02244593 0
26 0 NCT02252887 0
26 0 NCT02273973 0
26 0 NCT02274753 0
26 0 NCT02276300 0
26 0 NCT02284581 0
26 0 NCT02286778 0
26 0 NCT02291913 0
26 0 NCT02292758 0
26 0 NCT02295059 0
26 0 NCT02296112 0
26 0 NCT02296203 0
26 0 NCT02301962 0
26 0 NCT02302742 0
26 0 NCT02306096 0
26 0 NCT02310984 0
26 0 NCT02316496 0
26 0 NCT02317120 0
26 0 NCT02318901 0
26 0 NCT02322736 0
26 0 NCT02324894 0
26 0 NCT02336737 0
26 0 NCT02337946 0
26 0 NCT02341820 0
26 0 NCT02342587 0
26 0 NCT02348281 0
26 0 NCT02350530 0
26 0 NCT02357732 0
26 0 NCT02362958 0
26 0 NCT02387645 0
26 0 NCT02393833 0
26 0 NCT02394795 0
26 0 NCT02394834 0
26 0 NCT02396108 0
26 0 NCT02399943 0
26 0 NCT02404935 0
26 0 NCT02416427 0
26 0 NCT02419807 0
26 0 NCT02422641 0
26 0 NCT02447666 0
26 0 NCT02448810 0
26 0 NCT02451553 0
26 0 NCT02451735 0
26 0 NCT02451865 0
26 0 NCT02452554 0
26 0 NCT02464982 0
26 0 NCT02488967 0
26 0 NCT02491099 0
26 0 NCT02499614 0
26 0 NCT02501551 0
26 0 NCT02505256 0
26 0 NCT02506556 0
26 0 NCT02523417 0
26 0 NCT02547987 0
26 0 NCT02559362 0
26 0 NCT02560311 0
26 0 NCT02568046 0
26 0 NCT02573220 0
26 0 NCT02580799 0
26 0 NCT02581137 0
26 0 NCT02581956 0
26 0 NCT02583542 0
26 0 NCT02592070 0
26 0 NCT02595645 0
26 0 NCT02597179 0
26 0 NCT02603211 0
26 0 NCT02608593 0
26 0 NCT02613221 0
26 0 NCT02618538 0
26 0 NCT02626858 0
26 0 NCT02632045 0
26 0 NCT02642458 0
26 0 NCT02644382 0
26 0 NCT02645149 0
26 0 NCT02651844 0
26 0 NCT02653105 0
26 0 NCT02654431 0
26 0 NCT02658708 0
26 0 NCT02679040 0
26 0 NCT02682693 0
26 0 NCT02693535 0
26 0 NCT02713373 0
26 0 NCT02721147 0
26 0 NCT02723006 0
26 0 NCT02725840 0
26 0 NCT02743910 0
26 0 NCT02749019 0
26 0 NCT02751177 0
26 0 NCT02751710 0
26 0 NCT02769364 0
26 0 NCT02771314 0
26 0 NCT02771665 0
26 0 NCT02774915 0
26 0 NCT02781116 0
26 0 NCT02784795 0
26 0 NCT02788292 0
26 0 NCT02788669 0
26 0 NCT02790580 0
26 0 NCT02792478 0
26 0 NCT02803593 0
26 0 NCT02807272 0
26 0 NCT02814032 0
26 0 NCT02827565 0
26 0 NCT02827877 0
26 0 NCT02833896 0
26 0 NCT02843412 0
26 0 NCT02850419 0
26 0 NCT02854124 0
26 0 NCT02857270 0
26 0 NCT02869607 0
26 0 NCT02884284 0
26 0 NCT02893085 0
26 0 NCT02893761 0
26 0 NCT02900469 0
26 0 NCT02902991 0
26 0 NCT02906059 0
26 0 NCT02906943 0
26 0 NCT02926547 0
26 0 NCT02934529 0
26 0 NCT02934828 0
26 0 NCT02942706 0
26 0 NCT02952729 0
26 0 NCT02958956 0
26 0 NCT02963363 0
26 0 NCT02965950 0
26 0 NCT02975700 0
26 0 NCT02980965 0
26 0 NCT02988648 0
26 0 NCT03000374 0
26 0 NCT03024450 0
26 0 NCT03024463 0
26 0 NCT03043313 0
26 0 NCT03046524 0
26 0 NCT03051035 1
26 0 NCT03080428 0
26 0 NCT03087071 0
26 0 NCT03091257 0
26 0 NCT03096847 0
26 0 NCT03099486 0
26 0 NCT03101683 0
26 0 NCT03101748 0
26 0 NCT03102866 0
26 0 NCT03106155 0
26 0 NCT03106415 0
